49913
6868
2996
27107
22464
10644
10937
10903
11258
11224
11201
10841
11301
11015
12781
9328
11211
11359
11108
10848
11219
11133
10909
11306
11100
11140
11253
11071
10893
11152
11462
10588
11454
11129
11014
12909
9304
11038
11227
11352
10720
11405
11058
10944
11196
11060
10909
11552
11015
11033
11302
11035
10916
11193
11111
11013
11284
11086
10851
11385
11031
11115
11029
11130
10975
11243
11077
11373
11002
11014
11006
11255
11046
10852
11454
11083
11136
11126
11134
10974
11184
11060
10886
11543
11066
10920
11221
11173
10977
11206
11055
10974
11331
11130
10934
11212
11137
10938
11258
10983
11142
11007
11244
11081
11235
11083
10987
11127
11100
10866
11356
11310
10962
11270
11072
10993
11183
11178
10686
11356
11268
10970
11199
11061
10976
11152
11140
10902
11280
11238
11007
11223
10940
11176
11157
11035
10938
11141
11141
11177
11302
11215
10874
11260
11048
10826
11457
11101
10996
11159
11169
10749
11349
11082
11007
11170
10957
11598
10993
11078
10930
11143
11182
10981
11104
11544
10718
11225
11155
10974
11169
11074
11055
11142
11204
11014
11294
11011
11031
11035
11284
10935
12792
9654
11086
11084
11114
11021
11066
11182
10981
11148
11275
11050
10932
11392
10932
11067
11166
11059
19876
2281
11040
11680
11649
10241
11052
11161
10921
11249
11276
10929
11164
11256
10975
11130
11127
10909
11314
10919
11346
11148
11141
10932
11195
11101
10878
11301
11211
11022
11132
11144
11125
11135
11112
10771
11340
11175
11120
11140
10984
10971
11099
11285
10912
11286
11014
11482
10815
11310
10978
11177
11050
10878
11325
11180
11202
10994
11163
11024
11129
11516
10534
11226
10991
11143
11304
11101
10951
11163
11214
10949
11115
11296
10834
11375
11127
11074
11048
11201
10974
11029
11079
11185
11232
11176
10957
11217
11158
10912
11089
11169
11038
11037
11443
11045
11110
11023
11024
10963
11125
11227
11274
11135
11007
11204
11130
10938
11271
10850
11278
11234
11039
11035
11186
11367
10735
11266
10882
11178
11316
11108
10934
11220
11057
11056
11233
11046
11189
11039
11094
11084
11258
11036
11042
11177
10888
11428
10819
11415
10936
11205
11115
10912
11421
10830
11132
11234
11123
11076
11121
11133
11014
11046
11192
11074
11202
11213
10892
13678
9011
10506
11184
11111
11188
11200
11040
11081
11209
11160
10880
12062
11009
10301
11331
11139
10995
11195
11536
10558
11171
11011
11081
11293
11153
11044
10994
11236
10893
11183
13732
8617
11307
11007
11009
11148
11106
10888
11297
10902
11341
11156
18950
3221
11016
11271
10783
11326
11036
10968
11301
11238
10873
11329
11046
10873
11196
11060
11049
11459
11070
11018
11189
11180
10870
11254
11081
11087
11196
11308
10859
11537
10756
10880
11312
10941
11034
11371
11200
10950
11190
11087
10892
11331
10982
10978
11191
11390
10905
11237
11100
10904
11362
11032
11132
11170
11242
10828
11219
10940
11020
11400
10861
11060
11356
11151
11105
11055
11547
10455
11389
10895
11086
11320
11206
10940
11218
11094
10864
11502
10980
10889
11596
10888
11083
11050
11176
10809
11347
10955
11042
11294
11204
11034
12729
9586
10821
11335
10932
11106
11273
11343
10914
11211
11035
10890
11320
10889
11329
11212
11168
10935
11179
12074
9828
11413
10893
11181
11250
11182
10926
11223
11093
10916
11280
11103
11006
11303
12728
9610
11013
11046
10877
11302
11102
11014
11300
11110
11032
11102
11200
10866
11353
10903
11019
11229
11227
11089
11168
11125
10912
11260
11075
10918
11451
10990
11097
11063
11217
10832
11239
11209
11084
11194
11220
10989
11076
11218
10758
11391
11084
11002
11344
11180
10907
11238
10819
11028
11423
10901
11003
12316
10220
11043
11079
11216
10877
11272
10935
11024
11370
11064
11110
11164
11165
10845
11297
11169
10997
11352
11099
11025
11084
11945
17743
3455
11175
11112
11289
11097
11046
11080
11184
10887
11412
10984
11007
11295
11150
11094
11047
11102
10896
11323
11204
10854
12082
10313
10936
11210
11171
10887
11357
11047
10984
11291
11090
11213
10990
11199
10921
11132
11235
10966
11328
11163
10932
11225
11954
9941
11293
10925
11098
11189
11402
10954
11229
11084
10799
11380
11152
10969
11279
13442
8881
10928
11182
10801
11344
11079
10871
11251
11351
10942
10993
11287
10853
11343
11068
10981
11413
11067
10992
10923
11329
10863
12117
10309
11034
11249
11197
11041
11229
11110
10749
11329
11092
10882
11404
11219
11012
11109
11145
10825
11301
11105
10908
11268
12241
9953
11186
11145
10934
11323
11077
10801
11162
11291
11024
11339
11138
10824
11310
11074
10873
11189
11274
10960
11401
11018
10896
11314
11077
11015
11150
11186
11027
11195
11135
10861
11286
11108
11013
11219
11190
11103
11110
10981
10894
11422
11077
11097
10895
11396
11011
11184
11111
10925
11240
11127
10820
11385
11173
11006
11191
11137
10836
11394
11072
11021
11132
11139
10964
11292
11160
10792
11358
11096
10939
11170
11241
10978
11223
11171
10891
11413
10872
11151
11040
11205
11050
11261
11052
10899
11364
11092
11043
11737
10490
11097
11258
11076
10939
11289
11113
10890
18518
3853
11007
11337
11134
11073
11114
11037
11080
11289
11223
10714
11082
11733
10323
11490
11076
11095
11062
11258
11008
11158
11189
11031
11112
11129
10976
11179
11260
10992
11110
11091
11232
11097
11150
10929
11142
10955
11197
11269
11052
11136
11131
10988
11094
11177
11252
10858
11317
11115
11049
11112
11089
11016
11322
10977
10981
11377
11017
11049
11162
11086
11000
11184
11126
11100
11187
11136
11110
11164
11050
11041
11104
11124
11049
11139
11107
11119
11274
11003
11051
11143
11094
11010
11328
11005
11117
11131
11196
10965
11143
10976
11238
11190
11059
11099
11110
11071
11090
11124
11239
11002
11186
11085
11105
11190
11006
11019
11168
11015
10988
11318
11198
11060
11150
11092
10942
11216
11097
11063
11198
11174
11048
11126
11061
11009
11321
11093
10918
11347
11085
11010
11202
10878
11138
11163
11631
10603
11308
10842
11306
11180
11095
10999
11144
11012
11090
11307
10988
11211
11113
11211
10881
11360
11078
10833
11132
11132
10991
11206
11258
11066
11194
11223
10919
11202
11109
11107
11220
11036
10931
11260
10940
11125
11248
11102
11056
11155
11040
13683
8596
10947
11166
11166
11211
11031
11278
10980
11027
11082
11191
11088
11201
11063
11216
11093
11109
10981
11112
11123
11010
11258
18930
3105
11031
11113
11073
11345
11248
10937
11295
11141
10952
10986
11245
11089
11170
11028
11012
11338
11133
10836
11426
11001
11009
11117
11223
11035
11247
11418
10641
11225
11085
11079
11194
10886
11100
11129
11153
11161
10947
11270
11138
11197
10960
11177
11214
10983
11167
11122
11024
11133
11140
11058
10998
11266
11218
10983
11144
11166
10976
11182
11110
10860
11360
11164
10973
11274
11090
10978
11178
11136
10879
11672
10745
10880
11546
10874
11086
11215
11066
10911
11380
11053
11024
11267
10887
11226
11286
10832
11065
11192
11533
10755
11043
11579
10685
11283
11150
10926
11043
11264
11064
11168
11101
11068
11113
11207
10901
11169
11061
11279
11074
11143
11071
11139
11048
10859
11725
10832
11076
11241
10805
11109
11163
11192
10903
11276
11127
10950
11332
10956
11031
11330
10978
11070
11225
11234
11014
11164
11100
10979
11264
11161
10931
11164
11179
11015
11097
11207
10859
11380
10976
10939
11492
11044
11047
11234
11034
11198
11098
11035
10786
11347
11097
11163
11281
10816
11205
11287
10953
10910
11421
11075
11057
11171
11085
11082
11409
10865
11015
11251
11027
11113
11111
11097
11176
11048
11250
10796
11206
11201
11105
11187
11051
10969
11272
11128
10911
11215
11474
10721
11212
11178
18425
3648
11130
10932
11351
11245
10825
11241
11120
11159
10965
11312
10762
11306
11044
11160
11226
11076
11029
11075
11244
10915
11264
11073
11079
11215
11087
10950
11148
11257
11010
11213
11131
10991
11193
11064
11116
11261
11005
10934
11072
11315
10855
11334
11092
11160
11186
11038
10998
11219
11105
11061
10922
11404
11024
11031
11239
10886
11452
11067
10950
11198
11130
11068
11201
11125
10955
11120
11228
10902
11242
11133
11070
11388
10836
10863
11225
11290
11097
11122
10976
11215
11169
11133
10947
11138
11095
11127
11354
13546
8794
10768
11239
10809
11165
11394
10840
11255
10905
11297
11170
11139
10959
10972
11202
11169
11043
11071
11304
11002
11179
11011
11242
11085
11074
11222
11136
11159
11018
11076
11016
11146
11160
11039
11247
11107
11053
11096
11168
10968
11181
11080
11086
11201
11157
11069
11131
11068
11105
11182
11053
11039
11278
11021
10881
11399
11067
10996
10998
11250
11088
11223
11106
11182
11100
11120
10985
10989
11211
11165
10997
11269
11105
10919
11272
11060
11182
11027
11185
10864
11383
10966
11178
11368
10806
11100
11201
10996
11261
10894
11320
11143
10920
11159
11158
11080
11218
11161
11029
11088
11178
11171
10923
11096
11290
10936
11585
10785
10871
11343
11090
11005
19292
2976
11141
11203
11121
10958
11234
11080
10956
11031
11339
11037
11132
11105
11050
11063
11271
10978
11011
11096
11105
11271
11246
11039
11168
11041
11021
11152
11210
11107
11173
10848
11266
11107
11208
10939
11216
11176
10914
11364
11056
11029
11192
11034
11007
11080
11050
11143
11236
11124
11098
11157
11072
11044
11099
11034
11095
11280
11116
11092
11156
11125
11064
11147
10940
11184
11159
11052
11199
11162
11122
10963
11152
10960
11272
11080
11088
11312
10971
11188
10948
11198
11282
10861
11187
11046
11127
11182
11088
11037
11220
10995
11042
11181
11281
11076
11252
11059
10947
10997
11071
11066
11241
11076
10995
11164
11362
10975
11243
11004
11155
11115
11124
11139
11108
11095
11043
11328
10778
11277
11073
11193
11042
11055
11367
10944
11107
10933
11057
11149
11285
11194
11093
11083
11043
11090
11066
11125
11166
10988
11304
10923
11165
11161
11192
10914
11198
11288
11057
10938
11288
11063
11068
11140
11003
11015
11395
11154
10887
11308
11082
11007
11105
11199
11133
11139
11089
11155
11089
11063
10997
11159
11129
10963
11233
11136
11116
11224
11007
11075
11133
11048
11101
11231
11104
11099
11201
11042
11010
11160
11322
10904
11314
10881
10941
11443
10996
11010
11181
11018
10989
11227
18962
3278
11053
11323
10959
11179
11147
11074
11219
11078
10950
11433
10964
11002
11136
11144
10972
11326
11196
10870
11236
10930
10960
11163
11157
11166
11175
11064
11001
11445
13861
8461
10945
11046
10963
11360
11055
11088
11209
11092
11013
11047
11195
10985
11174
11127
11075
11187
11133
11031
11234
11087
10854
11253
11209
11015
11154
11341
10825
11232
11059
10934
11301
11099
10916
11543
10971
10961
11160
11204
10989
11088
11130
11150
10995
11296
10990
11163
11085
10938
11278
11048
11172
11231
11108
11003
11126
11045
11135
11167
11010
11183
11202
11050
11026
11154
11163
11019
11161
11139
11073
11194
11101
10803
11399
11047
10940
11213
11382
10913
11191
11104
10987
11147
11150
10854
11239
11253
11031
11152
11077
11016
11140
11096
11158
11061
11113
11229
11237
11057
10834
11452
10967
10977
11149
11319
11051
11152
11115
11003
11224
11030
10915
11084
11318
11012
11307
11136
11007
11107
11092
11073
11112
11280
10930
11203
11145
10987
11289
10965
10876
11364
11094
11137
10947
11293
11073
11181
11105
10968
11192
11215
10779
11390
11124
11071
11207
10973
10994
11149
11271
11180
11033
11160
10964
11153
11077
11075
11215
11012
11221
11039
11235
10926
11221
10938
11220
11117
11246
10986
11160
11198
18354
3635
11253
11011
11063
11166
11057
11225
11036
10988
11164
11001
11129
11182
11179
11195
11124
10934
11256
11127
11132
11023
11060
11269
10895
11302
11146
11022
11185
11012
11076
11196
11146
11098
11211
11076
10988
11157
11097
11013
11224
11053
11148
11206
11068
11005
11205
11048
10878
11477
10860
11141
11180
11185
10966
11264
11040
11198
11067
11140
10960
11113
11271
11078
11129
11193
10930
11136
11100
11247
11164
11072
11007
11260
11030
11055
11064
11222
11099
11287
10993
10937
11197
11021
11136
11165
11018
10985
11413
10982
11066
11145
11166
10983
11111
11160
11117
11248
11121
10960
11237
11022
11074
10956
11383
11072
11059
11160
11078
11218
11020
11056
11127
11180
11093
11147
11083
11042
11263
11036
10998
11179
11180
11032
11132
11157
10813
11325
11188
10946
11263
10986
11200
11144
11081
11154
11069
11241
10920
11118
11146
10917
11259
11202
11020
11231
10886
11190
11148
11142
11264
11030
11111
10996
11207
11055
11048
11085
11189
10882
11477
10962
11084
11525
11641
10055
11189
11245
11037
11213
10974
11087
11171
11203
11140
24823
5065
3402
12640
9363
11222
10980
11157
11208
11113
11160
10974
11316
11137
11018
11225
11026
10965
11156
11211
10938
11339
11165
11006
11235
11099
10930
19248
3055
10988
11306
10987
10892
11493
11040
10937
11011
11237
11133
11150
11227
10798
11437
11107
10906
11147
11228
10931
11229
11265
10868
11259
11130
10935
11184
11325
10927
10965
11313
10987
11294
10997
11034
11139
11054
11113
11302
11085
11142
11133
11064
10964
11169
11196
11003
11141
11199
10829
11530
10743
11182
11163
11135
11154
11098
11170
10983
11248
11038
10968
