43012
6791
3522
27790
22520
11004
10888
11196
10869
11416
11130
10887
11311
11002
10969
13015
9448
10924
11163
10886
11178
11431
11045
11026
11200
11061
11019
11068
11058
10986
11254
11261
11020
11181
10988
11209
11207
11030
11036
11116
11375
10952
11123
11062
11120
11147
11008
11002
11273
11123
10988
11219
11314
10795
11254
11077
10982
11113
11132
10944
11352
12573
9639
11102
11070
10970
11209
11097
11291
10939
11085
11235
11154
11032
11018
11170
11331
10925
11205
11108
11040
11049
11143
11279
10847
11041
11043
11290
11325
10928
11193
11092
10817
11200
11160
11090
11113
11242
10794
11499
11028
11014
10985
11163
11227
11334
10994
10984
11205
11038
11135
11161
11014
10979
11322
10993
11219
11166
11095
11050
11092
11173
11068
11348
11095
10949
11192
10960
10948
11075
11137
11134
11294
11040
11063
11244
11104
11002
11037
11181
11117
11135
11209
11011
11000
11311
11038
11047
11001
11181
11192
11194
11043
11226
11004
10905
11144
11242
11267
10932
11424
10821
11246
11028
11113
11043
11147
11047
11136
11262
10968
11256
11095
11064
11126
10996
11455
10819
11206
11034
11217
11012
11041
12257
9953
11078
11185
11364
10750
11418
10952
11089
11231
10942
11127
11228
11079
11015
11252
11193
19088
3305
10732
11128
11464
11560
10326
11197
11122
10984
11145
10994
11077
11288
11285
10892
11204
11014
10917
11332
10989
11100
11246
11155
10995
11054
11229
10988
11354
10877
11204
11247
11049
10964
11306
10972
10980
11254
10982
11091
11125
11263
11100
11239
11038
10912
11256
11103
11306
10980
11262
10909
11138
10996
10968
11319
10988
11181
11188
11172
11049
11133
11081
11068
11178
10980
11069
11384
11279
10845
11167
11048
11025
11193
11125
11013
11360
10938
11053
11214
11109
11015
11115
11162
11178
10969
11261
11008
11202
11065
11077
11203
11094
11021
10956
11489
10948
11214
10966
11059
11216
11088
10886
11255
11386
11009
11134
11050
11016
11160
10910
11100
11371
10989
11335
11020
10810
11227
11214
11085
11014
11199
11135
10973
11178
11124
11061
11201
10982
11208
11163
11207
10981
11270
10991
10995
11229
11210
11058
11069
11098
11055
11238
11075
11106
11211
10845
11083
11301
11164
10955
11344
11039
10993
11121
11137
10968
11104
11265
11108
11174
11052
11135
11121
11121
10952
11287
11243
11022
11073
10941
11224
11916
10915
10329
11247
11096
11048
11285
11471
10601
11155
11004
11000
11342
13354
9143
10946
11008
11052
11188
13436
8512
11329
11204
11012
11238
11066
10880
11284
11102
10905
19189
3296
10972
11267
10832
11293
11121
11142
11061
11064
11343
10945
11301
11001
11119
11027
11026
10987
11295
11194
11073
11170
11140
10991
11207
11018
10897
11156
11573
10909
11435
10829
10991
11154
11145
10943
11312
11030
11149
11184
10992
11053
11176
11123
11061
11152
10988
11187
11235
11047
10851
11373
11116
10843
11247
11310
10903
11216
11123
11002
11194
11150
10877
11194
11333
10990
11175
11372
10744
11194
10976
10970
11255
11074
11207
11250
11053
10995
11276
11085
10945
11083
11204
11043
11200
11072
11159
11002
11221
10849
11220
11265
11071
12820
9470
11065
11030
11190
10979
11132
11499
10978
11188
10958
11073
11257
11018
10841
11189
11270
10975
11297
12328
9852
11091
11053
10873
11380
11099
10996
11302
11246
10863
11214
10990
11056
11182
12832
9620
11119
10944
11028
11185
11087
11049
11175
11191
11008
11195
11115
11023
11199
10959
10994
11174
11163
11299
11214
10949
11061
11139
11202
10914
11152
11239
10904
11302
11063
11080
11129
11125
10914
11164
11163
11071
11250
11088
11088
11137
11029
10908
11262
11189
11126
11300
10994
11094
11141
10877
11195
11813
10385
11261
11033
11081
11091
11207
11052
11067
11126
11086
11210
11209
11054
11017
11156
11089
10784
11396
11038
11222
11236
19581
2283
11398
11131
10996
11080
11062
11338
11061
11158
11049
11168
11024
10899
11206
11104
11098
11329
10993
11182
11184
11154
11097
11703
10528
10915
11369
11025
10951
11199
11091
11047
11023
11075
11194
11362
10974
11005
11197
11157
10811
11326
11032
11206
11160
11948
10287
11151
11007
11070
11154
11286
10996
11192
11036
11028
11125
11096
10982
11126
11195
11054
11299
10996
11031
11215
11142
11068
11044
11145
11217
11170
11011
10909
11355
11098
11024
11209
10913
11083
11378
11071
10942
12115
10297
10990
10991
13446
9238
11021
11052
10746
11366
11088
11001
11078
11086
11228
11103
11140
11100
11169
11113
11054
10947
12025
10218
11312
11061
11097
11146
11102
11005
11006
11144
11155
11324
11091
11253
10851
11221
10962
11038
11284
11110
11235
11021
11070
11204
11003
11012
11056
11272
10995
11172
11054
10953
11219
11278
11008
11050
11158
11132
11303
10955
11179
11142
11059
10989
11197
11059
10967
11406
11068
11042
11165
11086
10959
11211
10984
11129
11243
11078
11124
11138
11095
11091
11179
11057
11190
11130
11100
11008
11198
11027
11024
11058
11210
11045
11284
11114
11077
11157
11035
11164
11052
10973
11065
11325
11051
11132
11252
11065
11049
11881
10365
10908
11343
11220
10966
11222
11042
19173
2892
11193
11129
11216
11128
11047
11161
10987
11100
11075
11141
11171
11284
11561
10424
11213
11089
10830
11327
11043
11201
11306
10921
11044
11254
11070
11054
11128
11121
11106
11253
11047
10925
11355
11055
10889
11210
11065
11198
11215
11083
11031
11190
11090
11013
11019
11176
10985
11404
10975
11145
11153
11175
11031
10966
11133
10977
11333
11287
10794
11172
11171
11126
11232
10943
11177
11147
11032
11209
11021
11218
10834
11234
11101
11038
11315
10937
11215
11235
11075
11038
11200
10927
11225
11113
11186
11065
11131
11162
10965
11265
10851
11247
11065
11260
10901
11240
11163
11008
11103
10988
11232
11027
11193
11175
11207
11062
10837
11289
11090
11057
11215
11106
11134
11233
10993
11027
11199
10949
11226
11249
11117
11045
11176
11101
10951
11155
11137
11039
11362
10915
11107
11228
11094
10900
11241
11181
10888
11417
10939
11132
11210
11076
10918
11204
11092
11089
11383
10957
11101
11208
11122
10886
11255
11085
11081
11049
11062
11011
11349
11133
10996
11200
10912
11012
11350
11235
10952
11248
11052
11011
11159
11079
11162
11392
10912
11043
11267
10777
11158
11242
11109
10997
11470
10896
11088
11467
10557
11164
11231
11107
11051
11143
11245
11066
11086
11168
10788
11321
10982
11133
18994
3322
11046
11230
11112
11073
11111
11132
10977
11180
11237
11069
11148
11113
10965
11238
11109
10972
11159
11008
11167
11068
11306
10977
11182
11114
11058
11334
11346
10689
11155
11108
11001
11181
11135
10919
11369
10954
11170
11260
11028
10812
11407
11125
11005
11117
11127
11097
11225
11153
10962
11158
11087
10891
11241
11086
11111
11259
10981
11102
11201
11108
11067
11239
10858
11279
11173
11113
10837
11322
11172
11008
11615
10741
11020
11406
10778
11083
11187
11125
10993
11198
11160
11094
11145
11169
10983
10957
11310
11001
11168
11222
10772
11212
11566
10749
11267
11147
10885
11216
11180
11042
11073
11160
10947
11274
11105
11011
11295
10961
11069
11273
10887
11182
11188
11138
10906
11316
10895
11093
11483
11040
10933
11245
11045
11003
11279
11248
10902
11173
11177
10949
11186
11097
10770
11201
11308
11017
11059
11271
10813
11464
10974
11152
11163
11210
11028
11208
11087
10910
11197
11105
11061
11242
11026
11149
11161
11112
11000
11107
11231
11001
11010
11206
11076
11140
11281
10910
11314
11003
11022
11303
11050
11022
11280
11084
10938
11456
10857
11072
11008
11164
11208
11227
11044
10999
11266
11020
10853
11276
11131
10986
11229
11175
11008
11249
11146
11076
10938
11590
10643
11316
18450
3723
11066
11099
11095
11033
11287
10930
11333
11036
11016
11202
11191
10838
11266
11098
11313
10999
11173
10920
11163
11086
11053
11005
11377
11163
11086
11091
10997
11169
11170
10976
11237
10963
11022
11243
10994
11135
11253
11105
11093
11210
10948
11073
11261
11032
11135
11220
11094
10988
11237
11041
10988
11322
11021
11114
11144
11050
11046
11271
11066
10935
11141
11252
10885
11362
11091
11010
11172
10923
11138
11347
11069
11047
11411
10848
11061
11325
10797
11157
11345
11011
10884
11325
11160
11047
11184
10900
11319
11161
11042
10968
11235
11127
11018
11174
11190
10896
11299
11057
10949
11254
11085
11084
11099
10965
11093
11354
11121
10997
11033
11337
10954
11180
10998
11091
11340
11052
10960
11332
10997
11063
11243
11092
11053
11214
11116
10938
11218
11121
10856
11251
11070
11097
11208
11124
10989
11244
11096
11039
11250
10959
11140
11240
11131
10983
11169
11171
10993
11121
11063
11229
10959
11239
11032
11197
11160
11015
10964
11159
11262
11192
10881
11135
11203
11123
11052
11150
10940
11232
11174
11112
11030
11248
11065
11018
11195
11132
11082
11234
11061
11016
11087
11137
11066
11161
11111
11160
11229
11061
11014
11115
11321
10785
11218
11173
11003
11560
10817
10936
11225
10911
19290
2949
11087
11080
11408
11103
10964
11160
11124
11016
11062
11122
11066
11333
11139
11049
11174
11068
10764
11277
11303
11188
10796
11243
11089
11171
11110
11024
11210
11084
10925
11363
10977
11002
11353
11172
10921
11090
11170
11269
11093
10921
11183
11246
11080
11029
11169
10909
11129
11200
11178
10993
11142
11141
11063
11140
11122
11125
11215
11011
11033
11199
11140
11034
11132
11111
11197
11137
11073
10987
11256
10865
11061
11255
11188
11072
11272
11082
10898
11302
11135
11008
11137
11045
11027
11302
10987
11114
11193
11096
11051
11141
11050
11193
11098
11166
11031
11171
11134
11013
11140
11125
10972
11459
11022
10932
11192
11142
10987
11116
11140
10980
11385
11092
10963
11047
11372
10996
11082
10906
11259
11179
11145
11033
11241
11155
10908
11199
11128
11002
11261
11075
11011
11211
11105
10966
11116
11092
11038
11267
11123
11061
11215
11131
10981
11010
11269
10937
11472
11097
10896
11100
11171
11086
11145
11135
11084
11026
11193
10989
11168
11075
10950
11192
11293
11044
11146
11264
10885
11187
11238
10973
11113
11094
10920
11463
11073
11040
11197
11116
11021
11150
11063
11041
11116
11268
11012
11209
11126
11043
10991
11178
10931
11487
10908
11084
11140
11192
10932
11163
11205
11013
18947
3390
10874
11267
11033
11188
11162
11055
11044
11422
10986
11085
11103
11076
11055
11160
11144
10998
11271
11050
11033
11227
11064
11060
11119
11109
11008
11132
11294
10919
11094
11317
11000
11214
11078
11012
11073
11059
11069
11163
11244
10929
11263
11166
11016
11036
11308
11004
11106
11274
10764
11378
11064
11064
11206
11069
11121
11507
11104
10838
10948
11151
10995
11204
11160
10995
11228
11146
11016
11156
11037
11071
11199
11116
11019
11216
11124
11087
11119
11077
11053
11449
10909
11150
11163
10885
11011
11145
11096
11181
11236
11084
11072
11197
11140
11089
10969
11212
11033
11287
11072
11022
11159
11063
11015
11249
11068
11095
11014
11190
10889
11326
11066
11115
11166
11099
11082
11152
11104
10922
11384
11015
11080
11139
11138
11019
11103
11044
11143
11303
11103
11120
11121
10867
11080
11199
11103
11254
11165
11135
11013
11127
11158
10980
11145
11156
11061
11222
11140
11007
11044
11117
11071
11140
11344
11014
11153
10903
11186
11178
11112
11047
11151
11090
11122
10996
11299
11087
10934
11231
11104
11075
11042
11165
11091
11336
10912
11281
11078
10943
11167
11191
10926
11224
11170
11037
11193
11108
11032
11075
11217
11028
11184
11095
11077
11183
11116
10987
11153
11300
10940
11252
19371
2520
11210
11311
10792
11275
10982
11233
11161
11283
10949
11160
11069
10875
11311
10982
10987
11284
11081
11186
11172
11063
11078
11144
11074
11075
11239
11040
11136
10931
11283
11097
11090
11215
11092
11162
11164
10987
11141
11112
11008
11165
10980
11161
11187
11069
11080
11238
11125
11015
11252
10804
11031
11337
11185
10988
11248
11004
11142
11177
11115
11055
11130
11158
11039
11026
11186
11042
11205
11227
11031
11206
11000
10867
11482
11047
10826
11189
11110
11029
11364
11124
11128
11079
11121
11061
11114
11147
10924
11103
11353
10982
11191
11170
10913
11174
11074
11088
11429
10795
11028
11125
11091
11236
11255
11003
11043
11145
11235
11085
11129
11110
11000
11135
11169
11030
11218
11091
11069
11226
11037
10963
11290
11054
11074
11115
11014
11096
11229
11188
10989
11128
11260
10942
11059
11304
11006
11152
11173
10989
11138
11195
10975
11238
11217
10856
11145
11083
11058
11107
11068
11151
11365
11028
11040
11930
10355
11063
11144
11121
10957
11165
11240
10878
11724
11772
10039
11090
11201
10956
11134
11006
11019
11144
11198
11187
18648
9083
5856
11004
10943
11204
11229
11015
11062
11163
11086
11072
11105
11190
11086
10931
11341
11032
11087
11047
10892
11262
11172
11001
11458
10977
19088
3075
11161
11202
11300
10762
11073
11472
10925
11050
11159
11006
11088
10996
11417
10937
11017
11295
11042
11097
11071
11095
11350
10996
10991
11231
11139
11027
11178
11249
10971
11121
10951
11214
11143
11186
10903
11461
10887
10792
11577
10746
11240
11157
11144
10918
11198
11227
10951
11299
11083
11065
11244
11035
10993
11233
11101
10850
11362
11124
11034
11167
11192
11018
