47778
4922
5077
8947
22327
7788
4335
10162
11072
11206
11225
10614
11482
11268
10868
11249
10923
11183
11155
12560
9492
11226
11157
10637
11570
10829
10887
11707
11043
11032
11180
10859
11191
11490
11126
10883
11172
11101
10697
11272
11235
10824
11348
11377
11020
11156
11061
10995
11184
11058
10707
11467
10986
11358
11177
10814
11023
11128
11128
11102
11173
11085
11001
11227
10975
11301
11174
10969
11080
11244
11299
11026
11330
10864
11040
11237
10836
11068
11339
11064
11151
11265
11098
10914
11298
11006
10858
11316
11354
10924
11230
11033
10943
11425
10982
10993
11131
11236
11077
11200
11033
11030
11102
10892
11099
11280
11263
11036
11167
11046
10809
11143
11293
11057
11320
11233
10878
11111
11157
10881
11295
10842
11002
11609
11170
11092
10779
11041
11307
11186
11291
10870
11328
11045
10964
11292
11074
10937
11166
11163
11144
11063
11358
10908
11129
11049
11058
11211
11075
11115
11135
11121
11186
11084
11041
10994
11282
11015
11284
11072
10994
11210
11161
11157
10850
11248
11039
10984
11231
10946
11016
11503
10719
11027
11476
11060
10885
11449
10956
11085
11237
10806
11315
11134
11101
11176
11192
11984
10194
11218
11003
10763
11368
11117
11104
11203
11176
10994
11245
11077
18815
2995
11097
11172
11051
11400
10920
10998
11772
11236
10663
11038
10974
11219
11135
11354
11118
10638
11425
11104
10971
10964
11225
11125
11433
11103
11042
11186
11144
10887
11078
11003
11164
11262
11198
10951
11175
11077
10744
11266
11191
11050
11507
11144
10883
11267
10951
11004
11173
11301
10781
11329
11362
10844
11164
11015
10779
11482
11235
10919
11379
10964
11071
10828
11508
10996
11075
11014
11094
11355
10774
11309
11148
11145
10954
11215
11481
10526
11186
11053
10997
11432
11167
10998
11043
11149
10963
11545
11082
10959
11086
11142
11079
10827
11312
11038
11450
11151
10998
10888
11512
10773
10992
11125
11128
11232
11195
11011
11161
11131
11038
11090
11160
10953
11426
11137
10987
11138
11049
11108
11107
11162
10904
11243
10820
11446
11119
11147
10913
10934
11497
11069
11090
11209
11007
11122
11042
11052
11166
10948
11114
11298
11411
10728
11182
11077
11004
11129
10982
11032
11484
11092
11057
11229
11046
10936
11175
10964
11305
10874
11024
11387
11235
11064
11043
11126
10999
11175
11225
11269
10952
10856
11360
11007
11141
11403
10819
11904
10443
11055
11144
10802
11179
11612
10689
11072
11253
11210
10951
11173
11248
10914
11118
10942
11170
13192
9349
10912
11198
11030
10819
11412
18578
3335
11607
10968
11025
11256
11059
11014
11150
11033
11006
11465
11048
10930
13271
9316
10765
11208
10782
11408
11032
10927
11343
11218
10755
11362
11104
10890
11272
10985
11353
11051
11270
11346
10778
11144
11040
10906
11559
11047
10654
11462
11173
10957
11163
11074
10856
11319
11243
10724
11521
11045
11044
11186
10820
10983
11451
11356
10908
11215
11138
10908
11184
11020
11165
11186
10853
11030
11537
11115
10722
11435
10854
11039
11429
11214
10965
11196
11020
10803
11392
11202
10879
11493
11063
10907
11208
11093
11155
10976
11068
10984
11388
11046
11041
11238
12238
9843
11182
10995
11073
11516
10952
11060
11345
10944
11034
11110
11067
10821
11587
11047
10936
11333
11027
11005
11725
10469
10891
11275
11161
11178
11235
10975
11062
11142
11109
10841
11371
11336
10896
12460
9766
11086
11151
11097
11097
11245
11165
10953
11176
11066
11027
11133
11107
11236
11169
11130
10903
11224
11141
11000
11145
11083
11193
11357
11014
10935
11175
11055
10989
11152
11101
11016
11363
10863
11154
10946
11413
10695
11406
10911
11281
11174
11116
11148
11150
11199
10918
11186
11104
11005
11187
12153
10037
11264
11061
11029
11169
11023
11058
11169
11148
11104
11278
11093
10972
11211
11059
11110
11244
10992
19105
2899
11199
11197
11944
10193
11025
11372
11207
10891
11084
11228
11076
11170
11066
10838
11306
11077
11108
11291
11031
11077
11075
11094
11085
11231
12151
9966
11261
11135
10958
11423
11085
10755
11200
11046
11010
11312
11169
11016
11241
11030
10880
11365
11112
10852
11308
11268
10891
12013
10090
10977
11360
11177
10945
11398
11024
10935
11235
10933
10987
11249
11131
11154
11272
11117
11264
10933
11051
10987
11384
11025
11003
11206
10934
11284
11155
11036
10876
11306
11112
11131
11075
11243
11008
11178
11749
10347
11088
11279
11039
11199
11173
11036
11096
11024
10981
11240
11312
10911
11266
11086
11049
11095
11067
11132
11156
11029
11098
12044
10294
11068
11177
10998
11033
11418
11183
10855
10986
11312
11081
11119
11029
11000
11273
11090
10945
11295
11179
10982
11183
11087
10916
11121
11163
11158
11154
11228
10968
11201
11052
10832
11408
11044
11117
10999
11255
11081
11007
11236
10904
11370
11076
11032
11083
11281
11002
10966
11217
11139
10960
11386
10979
11157
10928
11240
11124
10979
11182
11303
11041
11056
11127
11225
11087
11097
11074
11010
11053
11187
11126
11220
11160
10761
11409
11074
11005
11037
11325
10997
11159
10948
11268
11144
11071
10989
11092
12034
10288
11190
11244
10999
18836
3283
11074
11346
10970
10990
11258
11127
11125
11144
11080
10941
11075
11321
10973
11195
10967
11302
11666
10306
11305
11114
11064
11183
11114
11150
11112
11027
11152
10975
11054
11111
11160
11289
11118
11002
11106
11182
11022
11183
11008
11059
11181
11219
11057
11174
11035
11059
11180
11164
11008
11187
11130
11151
11089
11051
11291
10857
11086
11142
11200
11240
10928
11215
11054
11040
11187
11205
10929
11220
11120
10915
11353
11081
10814
11330
11287
10943
11220
11073
11194
11026
11111
10980
11190
11166
10989
11286
11025
11025
11256
11039
10866
11342
10935
11192
11297
10908
11265
10910
11211
10916
11340
11100
10843
11503
11046
11110
11074
11056
10920
11310
11084
11157
11223
11010
11109
11247
10946
10989
11351
10925
11214
11061
11115
11189
11179
10994
10969
11246
10992
11302
11135
11199
10990
11146
11097
10814
11337
11007
11221
11547
10672
10946
11372
10831
11064
11192
11109
11102
11300
11186
11052
11190
11010
10841
11461
10819
11014
11362
11201
10958
11219
11070
10923
11341
10967
11201
11103
11249
10964
11180
11170
10828
11340
11112
11051
11235
11155
10988
11056
11148
10898
11416
11038
11025
11229
11133
11058
10836
11727
10539
11349
11163
11015
10976
11361
10982
11327
10968
10792
11434
18517
3428
11417
11146
11052
11141
11067
11067
11164
11026
10966
11394
10921
11262
11049
11180
11050
11153
11008
10968
11302
11182
11154
11057
11128
11004
11180
10982
11274
11141
11084
11081
11407
10820
11295
10839
11115
11118
11267
11142
10851
11080
11031
11115
11371
11073
10976
11381
11067
11010
11168
10981
11111
11226
11036
11039
11164
11299
10956
11169
11138
11028
11109
11134
10964
11317
10916
11246
11118
11140
11024
11215
10834
11156
11442
11349
10671
11156
11234
10929
11116
10993
11212
11189
11134
11074
11223
11045
11013
11208
10928
10997
11481
11046
11050
11212
10991
11047
11402
10722
11125
11577
10617
11274
11254
10989
11124
11094
11086
11020
11277
11139
11144
11114
10804
11249
11153
11102
11147
11142
10980
11220
11123
11227
10965
11172
11089
11051
11198
11191
10933
11249
10999
11084
11209
11029
11037
11182
11238
10986
11171
11145
10995
11109
11164
10972
11434
10985
10999
11274
11043
11028
11214
11070
10977
11303
11097
10994
11295
11053
10990
11168
10966
11120
11130
11251
11083
11224
11034
10988
11178
11177
10942
11149
11116
11235
11046
11144
11062
11093
11274
10858
11307
10961
11165
11067
11207
10995
11192
11105
10957
11437
10869
11164
11173
11079
10958
11258
11018
10965
11198
11211
19183
3153
10968
11207
11104
11035
10889
11401
11105
11109
11198
11007
10860
11380
11042
10986
11465
10959
11127
10887
11345
10879
11406
11000
10885
11408
11023
11107
11234
11111
10828
11221
11219
10841
11231
11263
10905
11239
11225
10843
11331
11056
10852
11386
11129
11101
11177
11076
10900
11310
11189
10898
11331
11051
11153
11051
11137
10832
11342
11129
10869
11340
10982
11275
11123
10908
11087
11324
11071
11056
11135
11168
11096
11111
11089
10882
11417
11296
10825
10967
11318
11032
11255
11075
10826
11402
11081
11012
11040
11221
11142
11184
11082
10832
11349
11098
10993
11120
11263
11049
11466
10734
10933
11322
11123
11002
11288
11118
11060
11165
11168
10830
11310
11042
11002
11088
11170
11161
11152
11277
10777
11343
11022
10964
11281
11108
11113
11141
11039
10920
11351
11186
10858
11124
11209
11083
11159
11130
11156
11073
11070
11035
11130
11204
11053
11144
11116
11124
11192
11015
10999
11218
11235
10808
11175
11345
10955
10965
11650
10641
11103
11226
11024
11236
11121
10986
11341
10962
10977
11057
11402
11043
11159
11041
11022
11171
11038
10958
11513
11023
10923
11212
11220
10751
11431
11102
11005
11199
11222
10842
11237
11266
10729
11389
10974
11001
11381
11005
11087
11156
11261
10785
19036
3165
11126
11450
10983
11105
11140
11290
10680
11400
11096
10878
11141
11296
11092
11125
11228
10724
11373
11078
10972
11170
11081
11120
11160
11192
10823
11328
11128
11063
11006
11392
10998
11037
11321
10755
11380
11013
11055
11288
10981
10994
11277
11039
11166
11190
11090
10997
11061
11122
11302
11157
11118
10767
11365
10973
10992
11259
11260
11010
11078
11462
10858
11143
11033
11032
11157
11156
10901
11266
11218
10840
11322
11052
11068
11167
11251
11046
11070
10894
11158
11301
11057
11076
11246
10935
11119
11177
11099
11240
10988
11063
10988
11325
10958
11143
11096
11242
10899
11345
11137
10934
11127
11078
11080
11233
11298
10813
11369
10998
11045
11308
10882
11034
11257
11180
10920
11277
11103
10993
11132
11019
11151
11301
11077
10860
11429
11033
11021
11294
10958
11228
11111
11085
10948
11289
11181
10915
11167
11166
10988
11097
11333
10839
11357
10905
11188
11146
11038
10965
11304
11230
11098
11110
11062
10981
11203
11056
11071
11127
11232
11129
11109
10997
10916
11218
11074
11086
11336
11100
11053
11173
10936
11136
11165
11096
11151
11128
11072
11199
10947
11285
10972
11200
11157
11155
10961
11353
11079
11111
11021
11005
11187
11056
10979
11313
11354
10921
11108
11077
10978
11225
18577
3466
11182
11264
11164
11073
11083
10999
11123
11089
11155
11134
11170
11127
11087
11094
11024
11250
10978
10996
11185
11275
10825
11438
10769
11253
11182
11126
10939
11343
11087
11029
11073
11183
10875
11284
11017
11159
11218
11314
10959
11091
11079
11003
11119
11058
11218
11101
11278
10836
11349
11072
11250
10953
11074
10951
11095
11378
10811
11184
11300
10879
11340
11031
11016
11196
11333
10754
11338
11087
10938
11230
10998
11047
11178
11229
10923
11363
11117
10895
11325
11040
10993
11196
11266
10773
11442
11086
10949
11149
11139
10896
11285
11152
10914
11396
11129
10945
11129
11158
10950
11224
11193
10994
11346
11267
10755
11188
11117
10928
11229
11296
10804
11398
11055
10971
11124
11131
10922
11207
11260
10816
11345
11113
11025
11206
11118
10957
11255
11138
10961
11324
11083
11011
11235
11188
10792
11268
11128
10958
11148
11277
11047
11084
11184
10878
11209
11244
10892
11399
11068
10963
11220
11111
11037
11250
11143
10864
11488
10946
10982
11168
11160
10961
11221
11185
10935
11221
11107
11020
11172
11081
11062
11175
11285
11052
11153
11020
10988
11175
10958
11151
11321
11129
11070
11091
11074
11025
11183
11042
11095
11040
11252
11067
11277
11079
10980
11213
11100
10879
11352
11203
18922
3105
11164
10912
11344
11050
11080
11159
11079
11121
11257
10991
11065
11190
11099
11031
11148
11226
11060
11037
11238
11010
11177
11046
10911
11169
11150
11224
11055
11280
10910
11194
11135
11022
10965
11168
11025
11417
11088
10829
11379
10970
10920
11226
11259
11229
10948
11021
11261
10993
11341
10805
11199
11271
11023
11183
11172
10974
11200
11048
11085
11019
11298
10995
11198
11110
11071
11202
11106
10999
10943
11152
11124
11302
10932
11261
11165
11138
10914
11078
11176
11098
11245
11065
10982
11305
11069
11030
10984
11254
11092
11272
11023
11099
11182
11102
11054
10967
11164
11120
11297
11038
11071
11152
11069
11066
10959
11246
11074
11248
11102
11030
11185
11125
10940
11022
11072
11170
11350
11089
11090
11131
11085
10960
11064
11188
11125
11222
11100
11028
11224
11023
11121
11031
11211
11081
11108
11138
11142
11135
11085
11093
10963
11230
11202
10986
11302
10903
11227
11158
10956
11232
10988
11115
11251
11175
10949
11224
11071
11041
10983
11162
11197
11085
11254
10973
11207
11289
11732
10130
11073
11018
11422
11124
10989
11180
11183
11032
11002
18447
3717
12457
10058
12319
9889
11007
10926
11173
11110
11187
11504
10777
11127
11087
10973
11253
10959
11180
11084
11326
11032
10993
18938
3426
10958
11118
11216
11190
11238
11097
10718
11354
11325
10850
11220
10944
11035
11176
11172
11144
11059
11033
11102
11227
11062
11124
11131
11124
11093
11154
11115
11105
11189
10940
11131
11349
11055
10742
11485
10821
11108
11157
11101
11006
11402
11082
11005
11264
11090
10857
11271
11145
11009
11234
11131
11085
11116
11221
10878
11087
11130
11062
11350
11073
10994
11157
11117
11078
11085
