42376
7340
2787
15118
13317
8863
4236
20268
8933
4064
8810
13836
8670
11218
10977
10999
11417
11116
10893
13116
8992
11365
11078
10865
10966
11584
11017
11004
11202
10957
11087
11264
11134
10831
11469
10906
11152
11136
11171
10793
11381
11359
10585
11275
11437
10878
11152
11031
10894
11250
11206
10979
11169
11347
10916
11133
11210
10987
11180
11224
10867
11198
11089
11121
11126
11130
10998
11139
11353
11113
11050
11064
11239
10859
10933
11043
11227
11245
10941
11131
11194
10951
11283
11107
10725
11630
11098
10953
11098
11077
10951
11418
11205
11036
10903
10998
11073
11243
11172
11310
10895
11302
11025
11215
11012
10918
11100
11426
11033
10989
11299
10953
11231
10964
11269
11101
11197
10975
11180
10929
11237
10990
11100
11107
11241
11187
11087
11101
11155
10999
11159
11196
10897
11485
11060
10997
11103
11015
11169
11116
10961
11148
11260
10815
11026
11226
11128
11098
11273
11032
11134
11278
11038
11004
11053
11246
11081
11114
10976
11221
11182
10948
11355
10991
11227
10975
11004
11059
11032
11468
10969
11113
10989
11189
11137
11153
10918
11245
11134
11296
10871
11057
11291
10998
11210
11016
11221
12430
9930
10934
11126
11156
10969
11201
11046
11167
11172
11084
11091
11066
19649
2518
11172
10995
11164
11393
10946
11083
11402
11454
10416
11114
10933
11240
11186
11134
10839
11154
11175
11033
11301
11100
10882
11143
11440
11016
11196
11025
11150
11195
10857
11197
11429
10894
11063
11174
11211
11020
11232
10941
10902
11232
11018
11154
11246
11143
10973
11336
11014
10875
11306
11174
11211
11039
11156
11026
11222
10852
11051
11219
11316
11079
11155
10988
11044
11117
11073
11323
11136
10888
11254
11030
11060
11167
11174
11050
10945
11401
11089
10949
11209
10970
11234
11145
11022
10867
11322
10980
11063
11280
10988
11138
11357
10976
11003
11161
11295
11004
11139
11067
11104
11217
10888
11053
11168
11274
10954
11314
10917
11309
11076
11100
10916
11155
11279
10995
11228
10940
11266
11223
10996
10942
11153
11308
10932
11171
11196
11041
11044
11135
11255
11095
11041
11110
10991
11168
11127
10976
11187
11081
11182
11192
11180
13253
8983
10938
11190
10891
11203
11383
11100
10941
11287
10955
10991
11294
11014
11189
11121
11071
10837
11463
11057
11039
11154
10978
11129
11118
11018
11280
11015
11283
11051
11151
10938
11064
12110
11068
10122
11256
11182
11185
11054
11519
10469
11255
11072
11147
11203
11112
10953
11214
11051
10918
11446
13191
8809
11391
10953
11081
11175
11030
19122
3025
11327
11151
11036
11107
11029
11105
11198
10853
11210
11290
11050
11141
11068
11049
11195
11125
10857
11249
11253
10968
11192
10935
11271
11110
11027
11062
11260
11240
10799
11288
11217
10954
11610
10635
10947
11453
11075
10974
11196
11114
11073
11151
11120
11004
11049
11284
11020
11076
11241
11076
11091
11127
10931
11098
11251
10935
11349
11210
11009
11146
11076
10974
11197
11188
11109
11130
11056
11144
11073
11460
10701
11158
11223
11080
11189
11096
10792
11162
11084
11049
11318
11303
10971
11161
11060
11082
11114
11111
10969
11223
11104
11179
11158
11132
10937
12946
9341
11021
11409
10756
11072
11201
11243
11034
11232
11021
11045
11071
11458
10918
11126
11098
10929
11256
11907
10074
11374
11121
11045
11146
11188
10851
11142
11217
11046
11048
11294
10989
11160
12760
9541
11161
10953
11127
11315
11042
10973
11064
11293
11045
11151
11149
10977
11184
11131
11052
11187
11142
10936
11133
11002
11182
11179
11461
10699
11305
11087
11013
11181
10995
10957
11210
11310
10895
11213
11137
10984
11176
11170
11050
11100
11208
10807
11218
11225
11162
11099
11133
10940
11159
11325
10996
12039
10259
10921
11225
11130
11031
11198
11202
10976
11124
11158
11113
11201
10983
10853
11256
11152
10936
19024
3422
11007
11286
11980
10221
11005
11112
10933
11264
11035
11146
11011
11253
10947
11202
11066
11141
11271
11175
10839
11154
11118
10936
11245
11306
11066
12047
10240
11023
11266
10999
10984
11135
11271
10929
11294
10990
11170
11158
11073
10911
11334
10989
10988
11058
11201
11102
11330
11923
10193
11186
11206
10879
11144
11184
11192
11098
11136
11053
13234
9315
10862
11161
11037
11134
11097
10983
11156
11113
11359
10898
11176
11207
10818
11275
11096
11009
11112
11248
10840
11253
11222
11037
11202
11041
11069
12065
10164
11206
11088
11130
11019
11098
10992
11134
11277
10968
11085
11373
11034
10939
11266
11094
10906
11195
11155
11099
11154
12171
10133
11136
11072
11045
11148
11170
10895
11049
11115
11300
11202
11083
11061
11102
11077
10995
11342
11006
11183
11164
11068
11041
11140
11132
11102
11131
11151
11126
11088
11123
10937
11122
11143
10976
11017
11318
11015
11255
11075
11096
11107
11274
10978
11192
11029
10987
11227
11095
11056
11171
11214
10880
11328
11182
10813
11115
11087
11087
11300
11162
11131
11202
10907
11163
11190
11061
11073
11172
11067
10967
11313
11201
10940
11203
11124
10971
11153
11200
11062
11012
11262
11032
11179
11047
11124
11170
11146
10921
11918
10445
10990
11208
18457
3711
11137
11276
10866
11226
11120
11170
11095
11091
10858
11180
11280
10914
11279
11230
11010
11185
11553
10533
11176
11029
11078
11209
11115
11083
11219
11024
11078
11133
11117
10912
11067
11378
10943
11376
10832
11085
11232
11012
11134
11252
11217
10985
11187
11120
11074
11066
11114
11121
11203
11096
11060
11194
10979
10895
11394
11071
10993
11095
11357
11047
11160
11061
11194
10966
11099
11168
11224
11135
10933
10969
11277
11047
11095
11198
11144
11104
11018
10906
11468
11052
11015
11118
11017
11063
11467
10825
11242
11163
10988
11223
11022
11173
10915
11269
11231
10953
11178
11210
10957
11069
11121
11205
11097
11187
10851
11144
11160
11117
11016
11087
11187
11289
11002
11022
11183
11113
11111
11167
11113
11000
11211
11131
10981
11287
11004
11127
11055
11286
10761
11084
11425
10995
11374
10922
11088
11167
11084
10897
11301
11540
10810
11075
11049
11042
11009
11286
11032
11075
11272
10932
11441
10947
11049
11011
11197
11091
11264
11200
10873
11226
11069
11063
11196
11072
11075
10958
11301
11037
11109
11192
11009
11186
11102
10952
11292
11147
10956
11281
11072
11036
11152
11218
11108
11123
11009
11087
11048
11270
10988
11468
10792
10927
11280
11267
10873
13933
8782
10721
11189
11208
18777
3176
11220
11078
11109
11170
11035
11186
11039
10867
11478
11095
10839
11429
11036
11121
11131
11080
10940
11407
11060
11003
11178
11134
10951
11018
11156
10950
11449
11127
11066
11181
11135
10925
11212
11106
10949
11051
11258
11132
11170
11051
11096
11080
11156
11042
11330
10956
11034
11030
11125
11306
11067
11171
10977
11279
11055
10904
11369
11033
11067
11131
11119
11000
11002
11352
10946
11170
11153
11136
11133
11091
10959
11197
11161
10988
11343
11065
11084
11358
10856
10981
11322
11157
10968
11115
11120
11074
11153
11147
10833
11258
11267
10978
11014
11299
11057
10996
11303
10802
11443
11447
10615
11171
11147
11102
11129
11020
11035
11219
11125
11053
11171
11159
11032
11192
11075
11025
11334
10914
11088
11078
11262
10865
11435
10910
11101
11267
11119
11005
11056
11194
11086
10968
11193
11150
11244
11002
11086
11299
11061
11004
11110
11155
10982
11163
11172
10938
11306
10981
11192
11121
11183
10959
10988
11232
11128
11202
11054
10919
11330
11027
11149
11120
11044
11175
11274
10963
11172
11182
11038
10985
11104
11170
11107
11256
11070
11046
11148
11040
10999
11362
10983
10975
11303
11106
11075
11105
10902
11199
11314
11198
10930
11032
11043
11220
11100
11134
11062
11216
11160
11067
18678
3713
10791
11218
11068
11050
11313
11124
11006
11123
11208
10938
11243
11004
11009
11346
11141
10936
11052
11216
11070
11136
11134
10859
11327
11206
11041
11142
11223
10921
11156
11128
11089
11062
11214
11089
11055
11160
11022
11240
11050
11069
11144
11230
10867
11281
11161
11014
11190
11021
11104
11158
10977
11187
11286
11004
11014
11208
11097
10994
11117
11274
11022
11138
11060
11069
11220
11103
11055
11154
11100
11030
11228
10950
11290
11088
11147
11016
11378
11007
11041
11111
11087
11048
11231
11024
10975
10987
11308
11110
10957
11276
11008
11236
11102
11073
11190
11196
10973
11212
11373
10702
11216
11090
10976
11237
11108
11096
11160
10858
11391
11041
11083
11021
11255
11223
11015
11188
11046
10885
11349
11073
11087
11104
11246
10971
10988
13789
8833
10913
11038
10982
11260
11085
10890
11207
11094
10966
11450
11156
10885
11194
11102
11153
11173
11083
11038
11242
11153
10890
11035
11126
11222
11193
10983
11169
11282
11025
11027
10904
11177
11128
11116
11215
11094
11222
11068
11002
11144
11182
11010
11241
11015
11146
11067
11176
11075
10915
11503
10884
11223
11023
11219
10933
11120
10927
11229
11228
11166
11112
11118
10921
11329
11092
11027
11055
11138
10940
11229
11138
10966
11758
18006
3768
11153
11121
11144
10995
11137
11099
11195
11160
10959
11182
11117
11047
11206
11036
11092
11304
10983
11024
11168
11262
10947
11198
11093
11057
11191
10956
11217
11094
10942
11093
11134
11233
11152
11237
11104
10994
11100
11169
11017
11296
10910
11045
11374
11022
11007
11174
11079
11055
11137
11227
10777
11307
10997
11153
11101
11213
11091
11140
11196
10870
11479
10905
11075
11151
11113
11000
11380
10885
11041
11410
11044
11085
11132
11148
10981
11110
10982
11090
11342
11144
10741
11345
11181
11097
11250
10946
11071
11221
11118
10972
11180
10933
11298
10916
11256
10947
11387
11174
10912
10986
11111
11095
11232
11044
11191
11295
11095
10859
11203
11129
10951
11441
10906
11180
11030
11230
11012
11214
11057
11069
10955
11274
11168
11048
11050
11005
11214
11335
10989
11071
11163
11083
11203
10981
11144
11264
11042
11037
11107
11185
11120
11200
10995
11021
11253
11063
10999
11127
11085
11020
11435
11026
11060
11115
10950
11187
11068
11168
10895
11464
10963
11148
11145
11078
10963
11213
11225
11134
11190
11105
10972
11118
11110
11038
11081
11192
11048
11211
11159
11037
11116
10894
11076
11145
11264
11125
11203
11146
10954
11287
10981
10988
11460
10976
11024
11233
11049
11045
11143
11138
19002
3168
11024
11201
11112
11152
11004
11066
11082
11131
11283
11052
11117
10924
11336
11006
11183
11155
10996
11282
11062
11095
11154
11131
11010
11177
11081
11005
11143
11170
11081
11155
10980
11140
11201
11049
10904
11309
11191
11082
11266
10944
11099
11148
11088
10921
11104
11184
11098
11141
11083
11014
11141
11248
10903
11266
11094
11047
11164
11339
11050
11090
11161
11047
11122
11103
11090
11172
10904
11345
11108
11084
11017
11211
10935
11220
11176
11074
11053
11180
11134
10926
11323
11160
11003
11116
10972
10958
11392
11078
11050
11042
11297
10969
13962
8459
10985
11071
11295
11001
11135
11136
11122
11214
11010
11077
11215
11007
10869
11308
11115
11124
11231
11146
10907
11197
11043
11074
11102
11254
11116
11216
11006
10849
11323
11150
11005
11135
11083
11166
11227
11078
10993
11257
11088
10977
11236
11160
11059
11123
11171
10814
11333
11083
11066
11061
10907
11156
11146
11144
11255
11145
11148
10971
11176
11075
11171
11172
11207
10944
11154
11090
11025
11103
11034
11202
11167
11112
11122
11149
11086
11033
11143
11062
11048
11107
11316
11100
11167
11034
11134
11115
10942
11282
11138
10970
11128
11163
10940
11175
11142
11143
10860
11434
11173
10995
11145
11204
10986
11091
11036
10980
18968
3539
10889
11301
11083
11119
11065
11075
11059
11170
11080
11003
11231
11043
11216
11145
11088
11061
11243
11145
10983
11217
10954
11186
11196
10988
11174
11061
11143
11026
11196
11218
11048
10909
11176
10976
11211
11217
11109
11221
11099
11007
11128
11029
11128
11212
11021
11011
11303
11168
10997
11120
10879
11252
11266
11092
11036
11256
10976
11070
11153
11010
11136
11261
11027
10977
11044
11425
11039
11066
11043
11078
11311
11165
11010
11169
11108
11032
11233
10988
11055
11166
11010
11146
11192
11295
10876
10957
11274
11070
11101
11359
10869
11195
10992
11090
11227
11186
11024
11052
11308
10930
11134
10923
11314
10893
11211
11120
11172
11202
11015
11254
11151
10975
11169
10861
11225
11097
11268
11002
11240
11063
11069
11129
11051
11081
11240
11163
10895
11238
11057
11111
11134
11114
11167
11165
11074
11104
11126
11118
11003
11121
10976
11281
11076
11282
10954
11160
11111
11022
11098
11110
10980
11251
11155
10917
11339
10944
11148
11222
10929
11218
11186
11176
11007
11196
11060
11070
11480
11821
9965
11155
11198
11008
11252
11116
10969
11143
11137
11095
26903
4391
2701
10252
11347
10976
11156
11128
11160
11225
10964
11149
11123
11114
11028
10979
11258
11019
11440
11181
10956
10996
18508
3873
10959
11208
10786
11367
11136
11081
10996
11096
11207
11291
10782
11335
11209
11056
10874
11353
11043
11149
11156
11071
11125
11088
11073
10964
11314
11119
10917
11129
11181
11129
11111
11415
10805
11172
11143
10830
11357
11041
11057
11224
10944
11195
11223
11072
11043
10978
11250
10908
11388
11019
10984
11373
11081
11019
11281
10965
11020
11153
11176
11058
11143
11144
11013
11202
11092
11136
