41734
7112
2930
14826
13273
8977
3797
20530
9099
4463
8148
13277
9395
11204
11203
10849
11311
11047
10921
13052
9336
11100
10943
11349
10863
11173
11246
10937
11339
11178
10888
11266
11186
10625
11439
11014
11060
11136
11341
10993
11203
11186
10840
11202
11043
11143
11218
11097
11114
11118
11227
10852
11195
11078
10878
11687
10912
10942
11015
11124
10953
11383
11183
10943
11091
11190
11032
11208
11199
10988
11171
11224
11238
10791
11182
11042
11252
11100
11130
11027
11104
11082
10973
11168
10973
11355
11238
10869
11248
10903
11118
11015
11206
11251
11245
11044
10994
11190
10953
11117
11207
11022
11004
11212
11166
11246
11075
10961
11085
11105
11227
10986
11390
11290
10834
11100
11139
11114
11057
11143
11203
11032
11114
11044
11166
11117
10884
11112
11361
10890
11241
11172
10797
11325
10925
11131
11175
11140
11148
11269
11033
10929
11281
11108
10960
11216
11151
11115
11109
11253
11001
11106
11062
11073
11030
11140
11146
11265
11114
11090
11050
11060
11043
11092
11305
11119
11172
11244
10854
11017
11097
11064
11242
11155
11039
11165
11225
10914
11273
11033
10921
11171
11183
11003
11288
11243
10928
12349
11592
9511
10879
11280
10942
11351
11092
10942
11232
11081
10988
11034
18995
3364
11156
11152
10980
11416
10958
10835
11337
11822
10375
11308
11076
10852
11294
11078
11053
11054
11165
11144
11220
10936
11127
11136
11133
11082
11100
11206
10874
11268
11124
11019
11336
11032
10986
11015
11233
10930
11402
11101
10977
11241
11047
10994
11095
11135
11031
11325
10944
11176
11151
11173
11245
10738
11308
10888
11354
11086
11077
11245
11072
10872
11229
11157
11066
11218
11135
10999
11238
11124
10838
11198
11264
10992
11318
11071
11000
11241
11060
11000
11095
11042
11126
11393
10946
10938
11305
11094
11011
11043
11124
11142
11264
11056
10900
11453
11024
11035
11106
11102
11019
11292
11228
10923
11251
11018
11083
11120
11140
11025
11210
11133
10986
11233
11101
11052
11152
10982
11012
11333
11140
10983
11204
11093
11046
11169
10957
11027
11448
11129
10966
11223
11086
11032
11140
11021
11129
11304
11064
11027
11241
11087
11090
10872
11329
10919
11240
11169
10969
11293
11039
11007
11157
11191
10933
11256
11115
11014
11195
11164
10988
11132
10899
11248
11335
11129
10962
11175
11073
11133
11175
11054
11004
11336
11014
11122
11912
11304
10088
11109
10988
11081
11312
11593
10566
11163
10978
11127
11097
11198
11101
11059
11143
11020
11273
13290
8747
11077
11177
11115
11332
11046
19352
2646
11269
11052
11120
10902
11153
11319
11265
10931
11259
11044
10973
11211
11054
10986
11143
11297
10843
11460
11034
10925
11183
11098
11194
11332
10959
10947
11273
11082
10896
11252
11219
10919
11639
10770
10992
11083
11295
11085
11076
10973
11175
11116
11052
11076
11344
11042
10977
11218
11049
11124
11218
11054
10982
11341
11005
10838
11322
11178
11061
11130
11111
11048
11122
11144
10919
11139
11130
11225
11248
11388
10758
11122
11112
10968
11247
10909
11231
11130
11266
10963
11305
11033
11003
11244
10843
11217
11119
11138
10978
11093
11317
10987
11106
11165
11058
12888
9563
10900
11243
11102
11049
11201
11196
10763
11455
11022
11065
11178
11029
11006
11112
11101
10999
11222
12131
10085
11122
11311
11343
10733
11018
11123
11272
11117
10823
11207
11272
11050
11153
12904
9242
11212
11340
10842
11067
11025
11031
11135
11143
11165
11373
11034
10990
10969
11185
11176
11134
11081
11151
11146
11104
10967
11249
11171
10999
11243
10837
11326
10984
11089
10966
11168
11366
11032
10940
11327
10832
11324
11247
10958
11216
11125
11042
11127
10889
11183
11383
11021
10996
11324
10777
11268
11899
10271
10885
11425
11171
10937
11309
11061
11064
11170
11027
11052
11265
11092
10995
11256
10985
11156
19107
2987
11061
11247
12082
10159
11125
11278
10845
11079
11260
10994
11356
10945
11122
11189
11079
11069
11051
11137
10785
11410
11298
10947
11253
10986
11212
11932
10213
10998
11315
11038
10943
11245
10958
11250
11087
10995
11160
11280
11049
11082
11217
11129
10927
11184
11147
10975
11226
11996
10154
11313
11040
11060
11048
11014
11015
11217
11223
11038
11303
11103
11013
11142
11036
11058
11158
11138
11108
11178
11222
10973
11158
11015
11025
11414
11223
10735
11308
10861
11241
11131
11090
11009
11028
11392
10959
12081
10258
11002
11150
11073
11113
11141
11182
10993
11228
11050
11046
11046
11321
10984
11082
11259
10973
11229
11099
10989
11180
11954
10235
11091
11298
10937
11174
11208
10980
11097
11108
11083
11263
11104
10929
11228
11278
10992
10901
11249
10928
11368
11112
11099
11149
10948
11116
11174
11063
11069
11138
11171
10996
11137
11105
11117
11051
11231
11046
11360
11029
10898
11210
11142
10983
11160
11087
11132
11190
11056
11082
11282
10988
11073
11126
11122
11035
11196
11215
10968
11325
11061
11033
11065
11123
11029
11111
11091
11103
11048
11324
11066
11082
11116
11003
11386
11090
11008
11242
10926
11288
11015
11070
11034
11160
11178
11019
11299
11123
11017
11779
10410
10865
11330
18834
3263
11236
11245
10914
11064
11119
11130
11159
11249
10995
11253
11060
11000
11125
11079
11011
11259
11954
10252
10932
11126
11052
11200
11239
11094
11183
11105
11055
11183
10859
11274
11172
11085
11028
11190
13677
8849
10862
11135
11045
11141
11136
10941
11211
11275
10856
11302
11109
11006
10902
11414
10917
11078
11179
11131
11238
11125
11036
10865
11306
11034
11269
11188
10854
11202
11254
11044
11104
11093
11023
11191
11190
11000
11245
11008
10933
11289
11116
11066
11098
11302
10836
11209
11181
11102
10970
11065
11226
11141
11093
11173
11218
10921
11062
11210
11151
11021
11138
10984
11187
11248
10994
11150
11134
11086
11036
11198
11075
11058
11375
11035
10932
11211
11230
10986
11181
11053
10965
11215
11156
10980
11134
11236
11042
11186
11086
10955
11301
11165
11037
11289
10926
11055
11196
11034
11106
11181
11262
10994
11114
11345
10591
11311
11140
10859
11352
11106
11084
11203
11075
11024
11112
10906
11202
11313
11241
10891
11142
11156
11006
11192
10897
11202
11117
11262
11075
11184
11048
11033
11125
11066
11092
11224
11172
11011
11109
10932
11254
11213
11061
10882
11358
11113
11024
11097
11222
11145
11118
11089
10886
11492
11008
10986
11151
11135
11048
11148
10975
11081
11219
11387
19116
2703
11039
11282
11210
11054
10928
11227
11386
10913
11203
10903
10999
11229
11035
11114
11117
11512
10923
11163
11091
10848
11361
10908
11035
11158
11502
11055
11001
11143
11058
11159
11354
10695
11088
11301
10830
11324
11120
11047
11152
11065
11087
11333
11071
10963
11205
11093
11022
11228
11092
10926
11299
11130
10978
11232
11123
11107
11108
11080
10944
11183
11235
11053
11124
11104
11026
11301
11004
10944
11327
11104
11088
11153
11171
10950
11314
10833
11036
11742
10734
11045
11119
11128
10873
11219
11127
11046
11382
11086
11033
11148
11211
10915
11150
11139
11140
11052
11518
10352
11475
11279
10889
11181
11122
10978
11266
10928
11072
11145
11107
11261
11148
11063
11033
11302
10889
11258
11143
11098
11037
11189
10935
11098
11469
10971
11026
11138
11055
11078
11201
11081
10895
11342
11198
11029
11154
11071
11023
11219
11098
10996
11239
11248
10891
11262
11153
10952
11120
11079
10990
11295
11216
10929
11067
11322
10999
11005
11135
11004
11327
11183
11098
11033
10920
11056
11177
11291
11140
11315
10888
11062
11193
10936
11125
11211
11080
10911
11307
11084
10908
11586
10900
11077
11201
11040
11053
11179
11138
10884
11344
11131
10828
11345
11099
10978
11425
11049
10792
11325
11178
11015
19122
3270
10749
11325
11184
10998
11066
11021
11104
11271
11102
10981
11203
11089
11119
11044
11175
11082
11125
11205
11033
11300
11104
11007
11125
10920
11065
11313
11101
10874
11289
11396
10733
11268
11163
11075
11144
11041
10907
11358
11255
10768
11349
11136
10979
11179
11196
10846
11249
11055
11026
11099
11134
11048
11457
10978
11012
11100
11297
10920
11259
11073
11019
11138
11084
11076
11190
11261
10998
11170
11127
11049
11090
10984
10857
11422
11246
10849
11564
10754
11194
11176
11054
11014
11182
11046
11209
11148
11122
11105
11119
10932
11104
11166
11381
10676
11462
10901
11030
11142
11431
10850
11308
11065
11147
11028
11160
10910
11288
11097
10932
11137
11233
11283
10799
11356
10846
11172
11128
10970
11426
11148
10831
11331
11044
11068
11133
11160
10981
11199
11240
10954
11218
10907
11209
11212
11020
10884
11333
11068
11199
11086
11146
11131
11146
11006
11017
11080
11128
11048
11283
11179
11005
11207
10880
11197
11142
11093
11080
11280
11018
11080
11297
11075
11013
11039
11215
11141
10979
11203
10927
11307
11151
11001
10996
11293
11001
11093
11459
10861
11112
11105
11064
11112
11170
11150
10993
11270
11034
11207
11083
11033
11113
11143
11104
10989
11364
10827
11266
11112
10993
11388
18539
3539
11040
11230
11022
11203
11088
10827
11277
11114
10994
11155
11281
11154
11146
11158
10753
11256
10965
11205
11155
11291
10883
11309
11025
11094
11333
10872
11020
11226
10969
11241
11137
11164
10960
11153
11201
11059
11228
10998
10942
11085
11140
11045
11283
11089
11131
11260
10934
11210
11148
11071
11250
10837
11252
11134
11108
11135
10989
11274
11118
10982
11217
10971
11027
11012
11330
11167
11134
11014
11109
10978
11268
11121
11046
11133
11094
11256
11048
11010
11128
11186
11102
11124
11345
10710
11388
10949
10935
11229
11076
11183
11232
11095
11100
11122
11077
11020
11146
11127
11182
11096
11129
11067
11216
11005
11047
11159
11100
11180
11173
10848
11404
10810
11064
11227
11222
11069
11184
10940
11415
10959
11215
10937
11128
11068
11179
11150
11090
11201
10948
10984
11374
11018
11048
11127
10948
11221
11254
11032
11200
11082
10986
11103
11179
11022
11224
11131
11109
11171
11019
11040
11296
11012
10775
11536
11188
11005
11180
11003
10852
11170
11102
11092
11342
11058
11146
11173
11120
11037
11093
11145
10929
11278
11222
11054
11156
11088
10975
11158
11068
11220
11137
10926
11019
11153
11131
11021
11248
11223
10960
11203
11195
11076
11191
11030
11036
11199
11164
10841
11244
11247
19129
2791
11180
11241
11178
10965
11071
11136
11233
11037
10964
11152
11194
11088
11163
11129
10974
11394
10925
11221
11101
11008
11124
10963
11166
11038
11316
11135
11143
11094
10985
11047
11106
11060
11321
11084
11087
11225
11073
11098
11189
10989
11011
11144
11180
11030
11297
11107
11005
11061
11230
10930
11221
11256
10919
11314
10867
11175
11051
11237
10942
11378
11161
10880
11259
11090
10990
11088
11235
11134
10976
10991
11095
11372
11141
10853
11203
11067
11108
11105
11163
10974
11352
11097
11073
11263
11013
11087
10994
11294
10875
11343
11043
11073
11177
11121
10987
11246
11123
11070
11255
10697
11202
11138
11105
11311
11075
11212
10917
11201
11087
11089
11177
11145
10848
11369
11106
10992
11200
11079
11052
11163
11227
11006
11263
10865
10972
11174
11297
10873
11298
11133
10926
11323
11124
11000
11295
11051
11020
11166
11153
10922
11304
11005
10889
11343
11256
10997
11007
11088
11109
11137
11140
11109
11195
10972
11181
11190
11141
11046
11210
11101
10946
11194
10965
11174
11091
11168
11025
11094
11140
11143
11344
10891
10976
11207
11152
11071
11092
11192
11165
11194
11027
10879
11378
11075
10998
11319
11080
10952
11244
11081
10879
11304
11011
11254
11247
10843
11148
11083
11017
11292
18960
3214
11011
11330
11043
10985
11293
11086
11045
11120
11121
11008
11202
11134
11104
11131
11206
11053
11153
11033
10995
11057
11290
10969
11225
11099
11142
11007
10927
11311
11348
11077
10981
11038
11191
11109
11088
10959
11224
11065
11131
11197
11221
11043
10872
11256
10981
11173
10999
11308
11024
11184
11179
11119
11086
10961
11167
11118
11212
10929
11200
11081
11127
11202
10994
11085
11256
10997
11123
11073
11239
10901
11156
11211
11036
11083
11245
11100
11335
10967
10838
11408
10965
11065
11144
11455
10882
11039
11141
11074
11274
10949
11051
10927
11197
11205
11209
11070
11081
11077
11260
10982
10967
11111
11187
11235
11131
11009
11347
10966
11079
10947
11126
11313
11053
11116
11153
11120
11062
10937
11262
11078
11061
11263
11017
11080
11226
11040
11035
11039
11061
11230
11182
11133
11013
11192
11114
11069
11134
11179
11022
11109
11063
11271
10939
11285
11034
10951
11287
10996
11368
11002
11056
11286
10992
11086
11087
11166
11044
11144
11096
11172
11300
10930
11040
10958
11135
11187
11579
11847
9996
11147
11105
11147
10845
11240
11247
11033
11054
11174
24591
3987
4569
11097
11073
11369
11113
11127
10926
11279
10942
11215
11025
11250
11120
11108
11091
11149
11186
10897
11157
11131
18698
3497
11279
11040
11064
11229
11344
10773
11035
11049
10977
11442
11001
11019
11280
11048
11147
11091
10992
11147
11200
11042
11176
11229
11201
10852
11145
11002
11321
11046
10965
11229
11201
11193
10967
11079
10961
11160
11191
11093
11204
11108
11141
11020
11158
10940
11177
11317
10937
11107
11242
10972
11188
10947
11215
11054
11469
10892
11138
11004
11094
11121
11194
11083
10988
11297
11126
11059
