32213
4859
4656
29036
22563
11151
10929
10985
11090
10727
11351
11154
11083
11569
10835
11015
11285
12836
9267
10962
11279
11102
10891
11161
11265
10966
11253
11039
11083
11162
11227
10672
11247
10995
11342
11026
11262
11045
11236
10896
10968
11379
11183
11068
11222
10998
10985
11523
10865
11022
11272
11226
10853
11216
11164
10860
11191
10945
11159
11268
11163
11179
11038
10945
10990
11157
11342
11031
11107
11154
11314
11079
10909
11054
11125
11380
10635
11484
10952
11173
11210
10859
11211
11119
11284
10892
11210
11159
11033
11139
11128
10979
11207
11026
10960
11375
11066
10943
11355
11014
11000
11204
11128
10919
11243
11036
11180
11212
11148
10963
11227
10961
10947
11473
11070
10836
11248
11299
10995
11101
11144
10849
11342
11102
11054
11280
11079
11008
11166
11131
11176
11120
11098
11113
11106
11108
11035
11170
10958
10982
11243
11242
10950
11231
11099
10940
11234
10968
11066
11213
11168
11048
11009
11315
10917
11303
11174
10879
11352
11084
11159
10890
11374
10817
11296
10961
11091
11269
11192
11013
11204
11065
10993
11213
11059
11086
11067
11164
11073
11220
11107
10971
11176
11126
10967
12434
9995
11113
11157
11020
11078
11212
11028
10911
11367
11034
11082
11032
11287
11093
18662
3422
11008
11732
10758
10837
11706
11441
10334
11247
11072
10974
11230
11276
10859
11107
11186
11005
11270
11038
10906
11278
11219
11040
11071
11072
11091
11214
10935
11143
11457
11015
10993
11181
11113
11085
11117
11199
10806
11176
11248
11075
11176
11058
11099
11162
11082
11004
11424
10952
11183
10875
11347
10943
11181
11038
11060
11345
11104
10973
11317
10960
10936
11281
11267
10776
11355
11039
11072
11180
11021
11097
11127
11011
10937
11267
11170
11097
11354
10972
11084
11119
11106
10908
11332
11031
11179
11167
10918
11227
11139
11101
10963
11128
11265
11057
11200
11069
11005
11203
11127
10988
11260
11136
11059
11141
10841
11101
11228
11180
10861
11335
11155
11077
11203
11157
10961
11282
11053
10971
11349
11025
11126
11121
11052
11007
11205
10970
11171
11028
11136
11044
11298
11193
11050
11125
11051
11023
11302
11062
11333
10929
11116
10987
11207
10901
10952
11467
10945
11036
11324
11097
10880
11213
11098
11077
11238
11128
11136
11129
11145
11119
10885
11139
11097
11111
11335
11083
11073
11202
11027
11213
10996
11015
12167
11085
10105
11254
11117
11035
11232
11330
10682
11282
11104
11010
11060
11241
11047
11261
10918
11033
11326
13608
8475
11299
11027
10858
11329
11120
10880
11369
19219
2863
11100
11151
11185
11006
11187
11007
11236
11170
11056
11284
11066
10976
11036
10997
11233
11065
11106
11159
11195
11128
11043
11200
11061
11060
11064
11258
10886
11303
11285
10919
11591
10540
11132
11093
11117
11250
10916
11271
11051
11267
10908
11193
11156
11061
11073
11044
11254
10986
11315
10850
10991
11266
11111
11106
10965
11253
11219
11190
10942
11153
11005
11340
11047
11170
10978
11110
11066
11397
10754
11030
11442
10986
11191
11154
13164
9344
10773
11065
11110
11313
10748
11177
11345
11067
11119
10859
11248
10970
11348
11038
11176
11172
10989
12795
9329
11124
11151
11249
10978
11257
11238
10656
11491
10949
10834
11318
11075
11195
11155
11112
10838
11414
11782
10329
11168
11068
11317
11105
11045
10772
11332
11152
10982
11198
11053
11139
11171
12744
9566
11130
11022
11064
11138
11028
11043
11204
11235
11073
11134
11088
11042
11183
11095
11025
11123
10970
11281
11232
11023
10873
11295
11080
11163
11229
11027
11001
11303
10954
11037
11197
11065
11056
11157
11330
10959
11011
11216
11043
11051
11157
11153
11089
11214
11085
11097
11149
10986
11220
11105
11067
12041
10220
10844
11484
11013
10960
11263
11082
10971
11349
11172
11010
11143
11056
10980
11189
11194
10821
11427
11132
18735
3250
12179
10185
11117
10884
11053
11326
11297
10998
11216
11036
10946
11247
11066
11038
11158
11233
10851
11332
11087
11047
11184
11181
11015
12116
10206
11069
11067
11138
10849
11195
11153
11039
11218
11216
11057
11184
11079
11004
11208
11017
11094
11196
11150
10967
11208
12030
10057
11181
11124
11127
11111
11238
10904
11288
10884
11194
11269
11060
10793
11376
11194
10997
11208
10966
11133
11289
11150
10880
11200
11153
11055
11200
11175
10941
11142
11080
11025
11290
11048
11034
11074
11054
11183
11973
10347
11108
11195
11079
10999
11159
11260
10863
11247
11031
11105
11229
11098
11000
11222
11141
10855
11324
11051
11107
11061
12261
10130
11063
11153
10780
11374
11251
10838
11088
11289
10995
11284
11082
10967
11190
11161
11071
11047
11183
11090
11255
11017
10965
11196
11075
11113
11151
11057
11140
11178
11111
10983
11145
11173
11018
11208
11101
11160
11079
11210
11010
11098
11148
10869
11221
11166
10924
11286
11136
10775
11479
11026
10985
11086
11126
11303
11194
11016
10868
11331
11117
11075
11198
11417
10721
11161
11126
11053
11105
11118
11115
11170
11213
11054
11084
11112
11024
10998
11267
11094
11089
10946
11268
11217
11064
11059
11163
11116
10858
12197
10289
11361
10843
11035
11124
18616
3660
11035
11207
10939
11215
11291
10964
11107
11183
11030
11168
11152
11129
10875
11305
11691
10446
11235
11077
10831
11125
11453
10867
11345
11042
10892
11379
11120
10949
11226
11069
11132
11238
11022
10972
11040
11251
11019
11078
11115
11036
11394
10878
11055
11190
11074
11115
11014
11261
11151
11333
10850
11248
11084
11188
10703
11121
11191
11231
10944
11394
11092
11095
11194
10846
11137
11106
11010
11217
11301
11021
11150
11138
11002
11121
11095
11042
11230
11179
10995
11231
11078
11015
11305
10936
11092
11299
11051
10914
11042
11396
10813
11247
11145
11119
11147
11208
10955
11079
11267
11024
10973
11268
11140
11228
11180
10875
11346
11012
10999
11115
11160
11265
11028
10927
10990
11216
11325
10936
11139
11103
11197
11192
11051
10905
11051
11417
10985
11071
11221
11137
11265
11038
10934
11168
11104
11043
11110
11252
10837
11217
11237
11017
11144
11136
11046
11120
10948
11219
11369
10894
11178
11163
11144
10905
11129
11120
11001
11335
11175
11043
10915
11279
10813
11177
11183
11081
11318
11159
11024
11179
11072
10936
11244
10984
11061
11436
11099
10964
11047
11294
10994
11183
11068
11139
11309
10813
10996
11559
10825
11096
11142
10992
11266
11243
11049
11264
11008
11136
10862
11042
19318
2807
11215
11138
11167
11057
11273
11016
11104
11011
10925
11339
11184
11060
11046
11356
11032
11144
11067
11123
11251
11044
11004
11264
11040
10954
11249
11206
11048
11242
11344
10714
11102
11147
10876
11144
11198
10968
11341
11085
10929
11334
11110
10977
11220
11169
10962
11277
11051
10994
11069
11210
11094
11027
11441
11014
11071
10940
11201
10951
11285
10976
11235
11067
11098
11156
11245
10937
11254
11010
11035
11143
11052
11173
11606
10705
10894
11514
10910
11000
11022
11269
11051
11294
10923
11135
11172
11191
10994
10934
11199
11160
11077
11135
11171
11137
11332
10829
11121
11273
10800
11221
11161
11080
11257
11108
10942
11140
11097
11059
11294
11140
10979
11168
11072
10788
11379
11181
11123
11196
11064
11046
11305
10988
10974
10966
11291
11125
11126
11189
10962
11191
11028
11090
13575
9039
10619
11246
11075
11070
11253
11204
11023
11106
11142
11064
11218
10954
11162
11175
11139
11048
11186
10891
11124
11056
11229
10981
11337
11043
11038
11191
11076
11130
11183
11137
10969
11350
10991
10935
11199
11144
11120
11160
11172
11018
11134
11110
10910
11280
10913
10933
11371
11056
11323
10901
11246
11008
11213
11163
10924
11168
11175
10902
11168
11389
10824
11156
11115
11180
11172
11439
18481
3436
11064
11082
11152
11077
11063
11253
11015
11159
10945
11273
11032
11208
10960
11072
11241
11156
10954
11284
11048
11075
11152
10978
11218
11265
11054
10991
11266
11138
10900
11190
11312
10685
11426
11098
10963
11115
11211
11019
11127
11005
11233
11195
11273
10936
11148
11078
10927
11253
11128
10930
11355
11021
11063
11252
11098
10974
11198
11117
11077
11223
11005
10967
11334
11083
11029
11196
11075
10892
11241
11173
11078
11244
11110
11032
11252
10948
10931
11239
11181
11121
11172
11161
11043
11034
11127
11188
11112
11022
11130
11184
10851
11217
11156
11124
11103
11065
11574
10506
11216
11320
11010
11101
10926
11277
11227
11059
11019
11305
10930
11127
11096
11183
10897
11119
11367
10982
11252
11101
10968
11175
11102
11017
11220
11098
11126
11148
11181
11040
11113
11081
11033
11194
11037
10867
11497
11113
10998
11082
11089
10963
11308
11093
11133
11161
11178
10777
11303
11002
11064
11241
11086
11128
11180
11111
11098
11137
11074
11084
11175
11172
10849
11374
11043
11116
11128
11197
10884
11322
10823
11264
11186
11080
11098
11179
11213
10872
11036
11237
11152
11113
11135
11022
11123
11039
10936
11413
11081
10842
11300
11310
11021
10867
11354
10920
11363
10946
11141
11407
10922
11026
19528
2568
11045
11345
11168
10875
11398
11096
11014
11050
11141
10983
11120
11245
10906
11497
10795
11300
10845
11345
10990
11135
11164
10937
11230
11252
10984
11161
11118
10985
11183
11255
10928
11082
11135
11214
11084
11168
10858
11323
11193
10957
11101
11168
10912
11305
11140
11019
11126
11142
11148
11219
10926
11241
11085
11145
10979
11039
11381
11381
10978
10842
10807
11302
10910
11233
11233
11138
11023
11108
11353
10978
10832
11302
11091
11164
11264
11056
11225
10986
11107
11113
11165
11028
11116
13654
8728
10921
11266
10927
11188
11072
10889
11267
11154
11033
11303
11125
11020
10934
11176
11127
11154
11155
11011
11460
10854
11039
11168
11084
11021
11125
11047
11344
11291
10922
11034
11062
11242
10890
11284
11194
10879
11260
11293
10746
11261
11215
10931
11120
11076
11497
10901
11090
11028
10974
11249
11061
11049
11301
11114
11171
11000
11144
11163
11011
11038
11196
11068
11048
11390
10998
11163
11032
11089
11088
11080
11231
11025
11246
10868
11269
11146
11170
11005
10992
11198
11204
11124
11185
10781
11304
11153
10989
11156
11147
11152
11164
11134
11137
10924
11194
10954
11062
11235
10962
11287
11159
10992
11141
11109
11059
11210
10925
11191
11338
10981
11054
11197
11084
11004
11219
19162
3011
11150
11206
11028
11029
11156
11015
11253
11047
11139
11205
10987
11216
10892
11336
10919
11247
11040
11158
11221
11072
11103
11229
10950
11099
11243
10961
11036
11204
11151
11082
10931
11367
11014
11184
10883
11109
11269
11016
11130
11186
11108
10873
11250
11143
11191
11142
11145
10954
11159
11159
11054
10995
11050
11110
11268
11184
11073
11162
11185
10926
11032
11089
11239
11300
10995
11081
11166
11152
10937
11239
11033
11165
11253
11037
10953
11154
11146
10997
11102
11181
11152
11343
10880
11150
11092
11123
11023
11100
11194
11126
10960
11222
11053
11216
10977
11150
11016
11177
11137
11211
11123
10976
11190
11111
11088
11157
11003
11162
11215
10972
11136
11207
11097
10904
11365
11024
11069
11323
10984
11009
11189
11110
11092
10946
11116
11191
11165
11056
10999
11128
11122
11125
11216
10966
11202
11190
11081
11025
11207
11117
11090
11127
10989
11314
11049
11198
10935
11204
10990
11140
11200
11083
11053
11259
11191
11072
11009
11215
10982
11009
11074
11276
11237
11099
11016
11169
11092
11035
11196
10927
11013
11291
11153
11090
11131
11130
11085
11213
10949
11187
11207
11065
10772
11416
11163
11040
11147
11056
11033
11137
11218
11053
11061
11260
11026
10989
11050
11192
11318
11178
18574
3531
11029
11088
11129
10977
11127
11182
11279
11094
10823
11367
11050
11097
11149
10983
11283
11101
10857
11042
11376
11067
11137
11086
11171
11121
11144
11060
11229
10871
11248
11132
11053
10995
11204
11109
11021
11266
11069
11247
10946
11099
11142
11223
11017
10987
11211
11241
10902
11153
11024
11068
11349
11055
10996
11270
11042
11075
11169
11100
11125
11152
11195
10946
13877
8815
10594
11177
11084
10953
11352
11083
10969
11121
11065
11255
11161
10943
11049
11197
11184
11113
11170
11084
11070
11158
11105
11038
11087
11239
10989
11189
11062
11112
11171
11031
10937
11295
11262
11043
11122
11143
10988
11181
11118
10959
11218
11263
10967
11022
11343
10929
11190
11097
11006
11161
11231
10949
11206
11212
10967
11203
11091
10972
11176
11223
11040
11166
11103
10855
11291
11048
11097
11046
11294
11006
11250
11027
11083
11022
11064
11018
11198
11239
11080
11154
11153
11096
11052
11112
11047
11047
11169
11113
11258
11181
11014
11109
10954
11021
11193
11466
10615
11174
11457
10988
11496
11886
9847
11166
11136
11187
11117
11150
11105
10970
11179
10886
24742
4148
4621
11139
11251
10979
11263
11036
11015
11106
11038
11274
11246
11020
11007
11152
11063
11049
11288
11181
10860
11222
11250
10973
18731
3590
10938
11002
11327
10862
11249
11201
11043
11389
10877
10882
11508
11009
10915
11294
11150
10993
11163
11110
11012
11250
11331
10852
11209
11067
11018
11149
10904
11086
11147
11561
10782
11251
11144
10980
10993
11233
11020
11120
11265
10933
11122
11294
10977
11219
10922
12105
10301
10939
11134
11188
11191
11061
11216
10976
11015
11069
11158
11123
11301
11093
11001
11084
11169
10863
