37841
5822
4875
8567
10879
11274
11267
11009
10985
11156
11094
11320
11219
11078
10587
11312
11060
11167
11017
11128
10922
13100
9664
10637
11452
11033
10816
11242
11044
10971
11294
11041
11142
11453
10997
11016
11182
10963
11000
11573
11186
10873
11230
11056
11000
11178
11083
10851
11575
11028
10932
11217
11151
10900
10967
11308
11292
11110
10769
11333
11189
10944
10810
11362
11248
11207
11243
10673
11283
11173
11079
10713
11432
11248
10848
11141
11014
11029
11274
11257
11029
11344
11116
11034
11174
11177
10652
11456
10997
11088
10952
11310
10985
11102
11108
11395
10918
11365
10817
11159
10890
11077
11580
11144
10941
11209
11132
10723
11440
10868
11475
11173
10976
10958
11124
11100
11005
10981
11267
11440
11048
10997
11092
10758
11123
11043
11217
11075
11376
11169
11185
11040
11156
11031
10767
11599
10771
11335
11136
11093
11125
11091
11028
11072
11239
11291
10529
11301
11002
11088
11194
11414
11044
11246
11127
11063
11191
11016
11091
12926
9524
10722
11240
11219
11109
10985
11132
11049
11382
10840
11221
10768
11267
11310
11075
11124
11078
11214
11059
10711
11366
10974
11172
11491
10690
11224
11273
10751
11110
11963
10596
10783
11524
10897
11225
11094
11079
11067
10856
11254
18554
3685
11288
11146
10996
11174
11224
10785
11253
11451
10913
11551
10704
11018
10707
11471
11011
11178
11348
10773
11014
11109
11027
11330
11185
10790
11365
11186
10973
11349
11201
10931
11113
11121
10990
10979
11223
11101
11310
11160
10921
11220
10993
10830
11193
11459
10963
11267
11078
11046
11110
11098
11027
11095
11280
10930
10978
11355
11091
11108
10926
11036
11108
11148
11188
11385
11178
10971
10747
11145
11047
11257
11076
11063
11440
10749
11449
10945
10977
11072
11215
11234
11131
11005
11482
10923
11210
10772
11234
11180
11154
11009
10973
11463
11079
11119
10674
11367
11006
11341
11014
11064
11267
11102
10845
11143
11094
11108
11110
11205
10985
11341
11107
11168
11139
10810
11084
11280
11149
11334
11084
11047
11149
10764
11235
10980
11054
11288
11374
10759
11351
10858
11343
10857
11345
11135
11002
11255
11111
10980
11184
11098
11126
10851
11330
10945
11383
11114
11064
11103
11207
10965
10915
11125
11040
11213
11385
10858
11301
11094
11040
10954
11243
11250
10868
11082
11397
11120
11074
11051
10941
11395
10903
11446
11045
11089
11080
11644
10489
11518
10604
11098
11424
11062
11123
11282
10596
11223
10872
11114
11238
11072
11425
11034
11187
10792
11205
13026
9192
11030
11189
11247
18956
3052
11192
11182
10908
11133
11007
11486
11199
11017
11138
10786
11300
11230
10864
11028
11202
11489
10921
11148
11073
11118
10927
11042
11021
11233
11460
10665
11142
11461
10779
11100
11062
10981
11366
11611
10478
11153
11454
10923
11027
11006
11080
11746
10956
11068
11085
10990
11177
11125
10794
11237
11542
10760
11426
11225
10883
10915
11126
10997
11196
11324
11121
10866
11251
10989
11056
11253
11029
11109
11235
11219
11073
11328
10870
10940
11182
10980
11119
11261
11258
11060
10703
11467
11219
11145
11087
11007
11202
11151
10880
11227
11038
11058
11154
10874
11288
11199
12437
9592
11391
11063
11108
10799
11137
11039
11401
10900
11037
11487
11053
11089
11123
11252
10906
11336
11049
11065
11693
10475
10957
11167
11213
11054
11279
11063
11232
10910
11087
10984
10843
11157
11123
12745
9712
11263
11185
10732
11314
11291
10918
10881
11459
11146
10971
11197
10711
11407
11177
10817
11203
11169
11357
10735
11449
10709
11338
11351
10949
11118
11044
11384
11007
11062
11001
11044
11200
11114
10981
11218
11331
11032
11068
11075
11162
11137
10872
11083
11169
11357
10908
11220
11081
11023
11139
11953
10110
11269
11261
10952
11253
11083
10977
11214
11124
10875
11241
11345
10905
11208
11069
11171
18816
3124
10982
11307
11451
10853
12114
10143
11085
11116
11148
11040
11106
11225
11068
11234
11028
11048
11136
11047
11615
11166
10569
11019
11060
11441
10823
11303
11934
10017
11361
11175
11020
10972
11336
11030
11233
11032
10910
11306
11192
10954
11198
11067
11071
11093
11152
10987
11149
11276
10998
12099
10234
11039
11093
11085
10893
11458
11052
11055
11174
11057
11095
11226
11020
10921
11282
11182
10961
11290
11005
11084
11150
11022
10887
11375
11251
11034
11196
11072
11056
11132
11119
10963
11144
11280
11070
11161
11832
10254
11174
11102
11067
11196
11283
10767
11296
10998
11182
11089
11102
11013
11133
11370
10912
11256
11038
11093
11145
11097
10982
12218
10108
11076
10985
11246
11083
11238
11075
10837
11243
11183
11055
11410
10720
11055
11254
11232
10966
11073
11509
10942
11088
11044
11031
11346
10789
11039
11247
11416
10957
11092
11068
11009
11640
10634
11042
11062
11403
10974
11123
11059
10916
11378
11045
10883
11351
11159
10987
11119
11163
11070
11333
10918
10983
11291
11343
10894
11150
10985
11140
11172
11160
10956
11082
11160
11074
11282
11087
11062
11112
11129
11030
11099
11084
11164
11192
11124
11075
11176
11014
10932
11188
11111
11253
11114
11137
11027
11176
11810
10278
11142
18549
3892
11043
11095
10866
11376
11115
10969
11238
11099
11169
11106
11079
10824
11277
11195
11001
11162
11311
10995
11666
10549
11130
10921
11168
10884
11252
11396
10826
11364
11051
10978
11272
11062
11019
11159
11189
11098
10996
10907
11285
11225
10886
11197
11194
11166
11152
10964
11216
11013
11215
11098
10979
11229
11217
11129
11130
11014
10847
11326
11110
10886
11322
11128
11264
11052
11093
10975
11092
11174
11093
11185
11219
11004
11193
10821
11200
11026
11248
11009
11050
11420
10991
11235
10797
11224
11160
11115
10892
11326
11115
10927
11272
11006
11244
11162
10894
11202
11183
11091
11296
11036
10969
11268
11011
11125
11087
11175
11520
10611
10985
11108
11084
11364
10881
11167
11157
11045
11138
11268
11113
10819
11193
11298
10859
11269
11129
11111
11229
11159
10948
11099
11179
10983
11110
11292
11170
10931
10980
11306
11137
11148
10900
11505
10939
10983
11016
11407
10982
11119
10947
11021
11327
11036
11131
11130
11096
11164
11176
10965
10958
11293
11065
11188
11175
11167
10768
11379
11105
10854
11295
11027
11131
11111
11318
11052
11098
11061
11043
11149
11285
10825
11253
10983
11212
11199
11093
11019
11176
11107
11147
11024
11505
10708
11223
11037
11097
11068
11237
10962
11284
11167
18765
3328
10999
11089
11155
11045
11241
11263
11087
11084
11102
11052
10991
11059
11241
11018
11146
11097
11037
11334
11103
11002
11083
11135
11057
11410
11414
10692
11172
10868
10992
11223
11264
11112
11552
10765
10749
11371
11067
11013
11148
11233
11029
11140
11174
11179
10997
11112
11023
11255
11111
11013
11248
11115
11023
11192
10893
11145
11179
11012
11157
11156
11242
10942
11216
11084
11000
11159
11247
10999
11251
11012
11050
11285
10818
11001
11343
11742
10311
11241
11324
10870
11263
11018
10864
11405
11176
10992
11159
11172
11084
10985
11224
11042
11078
11164
11254
11095
11021
11061
11460
10826
11055
11329
10686
11262
11162
11196
11034
11184
10972
11119
11197
10976
10991
11290
11262
11062
11118
11012
10982
11271
11162
11235
10982
11269
10871
11191
11079
10920
11350
11089
10951
11255
11167
11068
11194
10769
11215
11234
11139
10986
11340
11042
11029
11149
11178
10948
11151
11136
10937
11296
11154
11040
11216
11129
10919
11182
11180
11007
11010
11390
11011
11169
10935
11142
11151
11014
11096
11340
11197
10937
11178
10950
11107
11210
11162
10838
11363
11011
11150
11173
11140
10793
11279
11169
10929
11345
11030
11097
11204
11172
11001
11204
11427
10575
11138
11183
10989
11343
10937
11182
18715
3389
11035
11682
10575
11268
11270
11015
11025
11155
11148
10968
11157
11112
11226
11132
11066
11056
11285
10943
11054
11020
11374
11038
11203
11078
10962
11044
11239
11010
11128
11333
11005
11199
11006
11088
11150
11117
11034
11268
11118
11000
11214
11038
11017
11131
11157
11021
11217
11104
11015
11298
11081
10986
11163
11130
11039
11039
11195
11169
11203
11057
11055
11094
10999
11036
11132
11204
11162
11269
11018
10854
11346
11122
10908
11156
11205
11184
11167
11269
10810
11169
11101
11003
11038
11235
11166
11119
11093
10914
11336
11059
10921
11226
11330
10986
11197
11061
11004
11203
11104
11003
11178
10987
11237
11149
11107
10981
11188
10969
11095
11341
10930
11207
11217
11019
11017
11229
11092
11044
11121
11340
10997
11201
11011
10974
11247
11089
10892
11146
11185
10956
11399
11144
11024
11193
11053
11072
11042
11157
11153
11176
11062
11092
11177
11048
11040
11013
11249
11408
10950
11064
10883
11337
11074
10970
11197
11268
10986
11283
11002
11030
11132
11078
10953
11325
11027
11133
11173
11033
11107
11243
11007
11084
11041
11170
11208
11158
11113
10829
11408
11086
10813
11170
11267
11017
11343
10973
10913
11359
10943
11153
11145
11006
11295
11050
11216
10751
11411
11122
11037
11113
19608
2460
11347
11455
10723
11164
11080
11065
11149
11134
11052
11247
11057
10986
11243
11079
10985
11183
11260
11001
11142
11131
10936
11279
11114
11010
10961
11317
11152
11083
11107
11014
11194
11079
10889
11273
11061
11221
11192
11116
11019
11270
10994
11010
11141
11139
11124
11198
11074
11048
10983
11311
10926
11192
11130
11152
11199
10931
11209
11120
11130
11000
11096
11181
11184
11147
11038
11047
11183
11097
11057
11101
11173
11028
11261
11079
10834
11354
11045
11006
11018
11208
11076
11205
11227
11089
11207
11130
10940
11100
11126
10994
11421
11009
10998
11190
11014
11157
11045
11164
11210
11180
11109
10957
11214
11178
10872
11085
11430
10826
11323
11044
10987
11255
11076
10987
10982
11348
11122
11053
11118
11041
11195
11120
11086
11416
11251
10596
11162
11110
10970
11432
10956
11067
11108
11082
11029
11333
11033
10986
11181
11167
11041
11115
11176
11073
11112
11175
11038
11363
11170
10741
11237
11030
11032
11169
11290
10946
11243
11031
11046
11084
11104
11191
11283
11020
10975
11223
11106
10886
11297
11116
11217
10872
11128
11176
11275
11091
11037
10918
11157
11312
11114
11116
11023
11138
11132
11019
11145
11135
11068
11201
11153
11092
11098
11097
11041
11088
11391
10888
11090
11010
18988
3292
11102
10953
11234
11196
11206
11109
11113
10989
11259
11045
11050
11105
10948
11166
11334
11080
10830
11325
11331
10811
11198
11111
10950
11196
11088
11167
11133
11115
11087
11113
11135
11191
11011
11229
11046
11146
11107
11002
11014
11096
11154
11360
10997
11016
11287
11081
11009
11151
11110
11072
11248
11091
11034
11166
11078
11056
11083
11208
10971
11274
11071
11103
11227
11066
11163
11054
11067
11129
10872
11028
11217
11301
10959
11176
11010
11222
11179
11159
11005
11083
11182
11092
11077
11116
11244
10955
11245
11077
10981
11110
11326
10952
10961
11273
11024
11337
11060
10921
11107
11156
11145
11168
11127
11022
11172
11107
11052
11147
11082
11111
11149
11161
11018
11652
10975
11068
10828
10905
11086
11147
11082
11413
11105
11004
11089
11184
11092
11021
11154
11071
10970
11347
11072
11158
11066
11175
10999
11424
11067
11147
10688
11303
11050
11181
11096
11013
11160
11164
11050
11155
11125
11044
11199
11027
11424
10845
10943
11061
11486
10877
11083
11223
11110
10876
11345
10895
11128
11253
11141
11091
11069
11202
11147
11041
11156
10856
11340
11078
11049
11219
11201
10952
11114
11096
10934
11195
11036
11326
11185
11057
10999
11171
11177
10895
11398
11098
10968
11191
11103
11024
18615
3648
10934
11201
11179
10954
11363
11152
11009
10964
11241
11127
11332
10785
11152
11230
11159
10974
11156
11069
11071
11262
11058
11136
11094
11139
11024
11122
11110
10842
11474
11103
10984
11223
11126
11018
11160
11081
11051
11298
10990
11037
11157
11223
11002
11125
11080
11061
11263
11041
11158
11097
11105
11045
11214
11099
11042
11030
11191
10875
11341
11237
10933
11216
11098
10997
11104
11160
11096
11200
11002
11101
11188
11147
11007
11125
11057
11148
11223
11248
10892
11168
11084
11100
11023
11193
11150
10949
11348
11044
11129
11097
10902
11185
11255
10985
11212
11212
10956
11193
11067
11050
11281
11073
11025
11128
11252
10953
11124
11147
11052
11254
10923
11206
11143
11059
11052
11212
11031
11145
11065
11178
11071
11125
11201
11007
11108
11114
10995
11290
10871
11309
11135
11084
10867
11262
11141
11039
11207
11108
11072
11212
11079
10851
11386
11087
11048
11295
11095
11046
11215
11030
11100
11104
11143
11000
11083
11189
11012
11174
11249
11018
11097
11152
10967
11143
11143
10994
11240
11556
11557
10093
11252
10979
11255
11044
11135
11158
11128
11020
11265
15803
6295
12219
10232
11442
10689
10918
11010
11364
11085
11135
11007
10965
11308
11202
11075
11058
11080
11164
10958
11209
19235
2671
11411
11341
10816
11169
11193
10968
11157
11029
11268
11073
11436
10767
11201
11046
11003
11034
11270
11129
11123
11042
11152
10950
11324
11000
11308
10988
11077
11178
11200
11007
11149
11081
11068
11323
10891
11182
11174
11042
11111
11116
11117
11022
11150
11196
11053
11143
11241
10897
11217
11064
11060
11118
10943
11239
11185
11257
10907
11051
11219
11011
11048
11118
11182
11179
11213
10943
11211
