47097
6584
4465
22864
9204
3810
20491
9180
3643
9329
10972
11252
11256
10712
11461
11087
10992
11340
12875
8996
11280
10828
11520
11107
10899
11156
11186
10977
11202
11087
10949
11394
11128
10919
11247
11105
10840
11355
11044
11030
11229
11187
10907
11266
11151
11023
11427
10783
10891
11341
11173
10801
11395
11110
10954
11232
10929
11087
11256
11115
10985
11475
11081
10985
11215
11004
10838
11365
11207
11196
10986
11399
10617
11231
11015
10932
11264
11118
10992
11282
11078
11159
11221
10971
11006
11463
10982
10887
11065
11290
11063
11247
11106
10786
11431
10966
11098
11035
11276
11015
11127
11147
10966
11261
11248
10920
11224
11111
10864
11373
11024
11090
11136
11283
10879
11238
11177
11111
10988
11100
11031
11162
11339
10706
11313
11106
11087
11177
11088
11107
11363
11074
11035
11074
11098
10977
11382
10848
11181
11253
11506
10962
10996
10926
11034
11052
11250
10862
11216
11246
10899
11225
11044
11130
11132
11087
11050
11147
11214
10937
11038
11938
10464
11249
10956
11310
11282
10809
10882
11361
11140
11043
11066
11308
10832
11218
11165
10913
11265
11110
11062
10983
11204
11054
11213
11164
11006
11297
11020
11070
11168
11080
10981
11249
10965
11122
11270
11047
11141
11133
18613
3387
11193
11202
11050
11278
11034
11024
11189
10919
11087
11384
10909
11101
11267
11002
11200
11073
11109
10979
11084
11097
11179
11265
11175
11040
11082
11091
11082
11018
11328
10919
11246
10932
11199
11277
11070
10838
11423
10965
11012
11070
11176
11241
11196
11007
11062
11192
11169
10973
11237
11186
10971
11174
11027
11061
11132
11245
10959
11215
11170
10792
11424
10991
10970
11128
11261
10984
11417
11054
11000
11146
11070
10934
11283
11240
10897
11224
11045
11134
11135
10842
11173
11195
11051
11614
11139
10777
11077
10968
11089
11136
11153
11129
11181
11085
11284
10948
11008
11251
11059
11150
11126
11067
11187
11160
11135
11071
11132
11289
11125
10632
11193
11152
11097
11184
11227
11083
11002
11156
11036
11061
11225
11198
11006
11165
11114
11103
11059
11197
10804
11392
11058
10991
11300
11231
11010
11013
11210
10999
10969
11486
10931
11180
11112
10991
11131
10977
11203
11207
11091
11090
11137
10909
11242
11111
11022
11162
11290
11066
11120
11160
10835
11231
11099
11023
11207
11221
11100
10999
11194
11065
11078
11004
11297
10888
11265
11157
11105
11150
10889
11252
11169
11090
10818
11260
11289
10861
11322
10953
11256
11228
10963
11160
11009
11362
10919
11202
11080
11030
11188
11005
19246
2986
11192
11059
11048
11277
10890
11284
11080
11004
11355
11049
11096
11140
11062
11048
11110
11109
11025
11277
10988
11160
11379
10944
11026
11118
10928
11299
11146
11092
10979
11241
11107
10961
11240
11041
11068
11174
11248
11076
11061
10960
11168
11294
11009
10873
11263
11278
11009
11017
11290
11029
11047
11141
10987
11314
11185
11094
10887
11085
11234
11168
11138
10846
11182
11313
11138
11116
11061
11058
11068
11138
10915
11280
11181
11074
11191
11033
11082
11223
11031
10913
11187
11355
11081
11124
11071
11141
11029
11076
10807
11312
11210
11142
11121
10946
11243
11207
11078
10880
11254
12629
9633
11147
11106
11085
11405
10844
10843
11267
12842
9606
11041
11092
11001
11195
11000
11073
11177
11435
10730
11257
11196
11043
11265
10973
10991
11138
11493
10587
11359
11048
11140
11138
11073
11025
11058
11293
11154
11036
11644
10478
11208
11131
10808
11305
11180
11103
11223
11078
11012
11200
10906
11042
11264
11200
11081
11144
11103
11028
11141
11136
10951
11361
11089
11053
11128
11006
11100
11257
11087
10993
11067
11365
10874
11100
11194
10883
12217
10224
10990
12071
10359
11057
11153
10947
11222
11566
10604
10979
11214
11281
10988
11643
10708
10996
11243
11049
10962
14346
7827
11161
19001
3353
11083
11193
11096
10990
11125
11219
11045
11153
11031
11117
11250
11633
10248
11321
11628
10601
11011
11324
10975
11161
11156
10860
11244
11260
11028
11132
11151
11042
11164
12163
9816
12996
9623
10862
11778
10482
11095
11191
11071
11010
11176
11083
11163
11137
11176
10955
11191
11094
10952
11345
11064
11032
11188
11077
11096
11230
11087
10792
11436
11148
11007
11217
11093
10927
11316
10991
10970
11065
11125
11221
11191
11134
11064
11083
11164
10958
11346
11166
10968
11214
11000
11068
11221
11066
10964
11195
11751
10803
11241
10597
11149
11144
10941
11180
11387
10981
11136
11171
10882
11144
11194
11074
10871
11251
11351
10989
11107
11001
11200
11047
11039
11445
10924
10973
11220
11077
11063
11170
11217
11167
10773
11294
11183
10995
11221
11371
10826
11146
11182
10795
11245
11245
10950
11203
11124
11361
11231
10924
10826
11326
11084
11038
11236
10819
11312
11082
11081
11038
11527
10898
10971
11123
11156
10913
11319
11127
10763
11404
11171
11044
11169
11105
10852
11381
10962
11175
11257
11104
11004
11317
10893
11101
11103
11165
10996
11189
11193
11013
11250
10999
11111
11133
11084
11290
11211
11087
10829
11150
10931
11099
11249
11152
11026
11316
11092
10975
11187
11044
11132
11136
18581
3495
11217
11225
10951
11163
11118
11423
11149
10852
10906
11190
11084
10908
11293
11329
10891
11175
11058
11077
11318
11097
10957
11167
11174
11040
11140
11104
11014
11111
11276
11364
11374
10537
10866
11363
10881
11071
11297
11070
11113
11095
11199
11103
11198
11000
10947
11302
11131
10988
11046
11201
11108
11238
11028
10990
11059
11146
11208
11214
11081
11109
11162
11068
11019
11140
11471
10719
11165
11071
11120
11210
11143
10823
11321
11143
11085
11101
11121
11029
11072
11239
11026
11192
11239
10928
11184
11094
11122
11145
10990
11103
11217
11010
11118
11145
11130
11098
11211
11080
10970
11211
11119
10928
11283
11164
11004
11399
10847
11017
11294
10871
11251
11051
11154
11111
11231
11127
10947
11067
10992
11301
11184
10978
11219
11197
10908
11471
11145
11101
10694
11239
11034
11227
11190
11084
10986
11234
10945
11202
11212
11074
11112
11152
11137
10895
11203
10939
11119
11187
11139
11056
11183
11237
11008
11066
11140
11091
11221
11053
11108
11179
11064
11014
11161
11179
11124
11173
10949
11027
11244
11047
10894
11392
11127
11086
11234
11012
11015
11063
11195
11101
11125
11107
11040
11242
11089
11010
11261
11082
11017
11142
11085
11081
11269
11047
11100
11187
11057
11093
11106
11095
19170
3044
10927
11271
11178
11166
10979
11169
11123
11129
11191
11050
11079
11134
11072
11035
11236
11207
10979
11162
11087
11039
11239
11250
10804
11172
10954
11328
11116
11098
11110
11125
11128
10938
11213
11153
10930
11224
11158
11118
11072
11056
10946
11349
11116
11006
11212
11158
10824
11381
11010
10911
11332
10960
11131
11139
11128
10976
11317
11048
11124
11262
10902
11195
11177
11194
10855
11412
10859
11201
11177
10903
11080
11255
11157
11065
11172
11148
11031
11227
11198
10794
11252
11196
11061
11200
11132
10783
11226
11046
11027
11328
11104
11025
10980
11405
10940
11053
11254
10993
11227
11198
11111
11108
11076
11032
11198
11154
11004
11083
11261
11010
11143
11162
11030
11034
11230
10773
11419
11268
10977
10950
11265
11013
11232
11004
11128
11081
11190
11120
11015
11268
10782
11348
10979
11040
11300
10940
11262
11198
10983
11060
11201
11169
10837
11100
11283
11105
11117
11119
11100
11222
11117
11033
11177
10977
11003
11428
11041
10966
11158
11559
10578
11235
11105
10944
11373
10944
11245
11152
11102
10947
11053
11267
10986
11247
11185
11044
11321
11015
10893
11178
11148
11045
11248
11058
11032
11240
11033
10990
11229
11006
11191
11139
11131
10889
11222
11124
11047
11360
11245
10815
18968
3374
10918
11310
11073
10977
11098
11241
11081
11193
11108
11041
11062
11269
10888
11088
11080
11149
11313
11104
10991
11228
11133
10794
11283
11194
10952
11191
11165
10926
11325
11059
11017
11169
11111
11035
11342
11071
11001
11031
11221
10924
11128
11250
11045
11252
11085
11079
11245
11018
10973
11079
11026
11120
11174
11222
11110
11168
11066
11003
11067
11242
11066
11059
11170
10939
11248
11173
11052
11050
11168
11165
11208
11000
11113
11273
11071
10987
11195
11085
11057
11239
11079
11037
11264
10934
11050
11197
11150
11076
11246
11030
11061
11263
10820
11253
11181
11118
10939
11295
11108
10995
11202
11089
10947
11342
11075
11096
11062
11157
10979
11306
11009
11075
11211
11095
10919
11251
11129
10972
11252
11004
11126
10992
11193
11085
11312
11095
10975
11254
11064
11046
11188
11108
11059
11401
10882
11035
11233
11069
10898
11312
11225
10939
11184
11133
10966
11294
11026
11135
11101
11061
11155
11105
10952
11045
11402
11060
11055
11106
11066
11028
11276
11180
10947
11055
11130
11135
11031
11221
11166
11186
11201
10903
11355
10965
10992
11216
11151
10969
11206
11169
11055
11111
11109
10857
11158
11228
11137
11242
11048
11074
11225
11020
11007
11251
11004
11123
11199
11107
11036
11206
18514
3552
11026
11260
11131
11122
11133
11025
11254
11029
11024
11134
11029
11195
11217
11045
10883
11426
11078
10895
11284
11122
11058
11067
11266
11071
11172
11026
11015
11192
11188
10848
11318
10957
11233
11190
11106
10933
10973
11204
11056
11231
11152
11064
11214
11066
11092
11137
11011
11162
11207
11073
11103
11267
10995
10956
11086
11108
11113
11308
11164
10956
11312
10969
10960
11288
10892
11293
11221
11019
11064
11277
11077
10892
11302
10829
11282
11124
11109
10904
11434
10910
11227
11146
11007
11041
11216
11094
11146
11255
11048
11051
11017
10999
11235
11149
11142
11000
11237
11121
10987
11118
10948
11216
11199
11226
10983
11344
10988
13522
9038
10533
11129
11297
11154
11023
11269
10926
11161
11181
11056
11091
11219
10951
11164
11227
11050
11031
11090
11051
11156
11206
11208
10983
11214
11095
11048
11117
10903
11094
11431
11029
11083
11280
10958
11102
11142
10905
11025
11150
11101
11234
11288
10951
11051
11281
10941
11101
11235
11202
11052
11231
11076
10798
11362
10939
11222
11109
11255
11021
11199
11108
11033
11116
11093
10822
11367
11230
10929
11338
11091
10936
11155
11042
11149
11169
10979
11206
11183
11119
10998
11200
11085
10948
11065
11331
11147
11152
11077
11045
11039
11208
19074
3195
10884
11172
11312
11046
10952
11021
11281
11021
11314
11096
10981
11252
11066
10978
11271
10849
11144
11338
10871
11085
11283
11016
11256
11086
11072
10948
11278
11131
11043
11327
11098
10936
11212
11036
10994
11299
11069
10782
11536
11083
10875
11226
11120
11054
11110
11263
10858
11419
11141
10822
11119
11189
11059
11133
11150
11070
11225
11162
11045
10982
11287
10903
11277
11044
11078
11358
11027
10860
11291
11125
11122
11148
11198
10972
11226
11037
11081
11170
11071
10888
11266
11369
10855
11275
11010
11083
11082
11141
10933
11074
11274
11061
11071
11309
11107
11053
11109
10904
11247
11064
11174
11182
11093
10946
11463
11073
10808
11211
11125
11066
11314
11109
10937
11125
11146
11012
11162
11082
11078
11285
11197
11005
11090
11082
10894
11216
11147
11131
11328
10822
11031
11348
11086
10900
11329
11137
11101
11242
10856
11198
11152
11064
10971
11208
11149
10949
11430
11000
10881
11299
11203
10841
11278
11136
11077
11254
11083
10999
11170
11106
10860
11408
10875
11040
11484
10845
11198
11112
11162
11040
11061
11287
11104
11254
11073
10976
11146
11112
10885
11192
11069
11179
11295
10930
11200
10949
11070
11018
11324
10977
11169
11332
11025
11095
11071
11225
10731
11264
11183
11144
18847
3465
10866
11373
11066
10942
11307
11019
11099
11271
11288
10793
11176
11068
11024
11224
11220
10815
11425
10978
10906
11188
11306
10940
11412
11047
10916
11270
10979
11329
10724
11267
11062
11121
11283
11042
11085
10951
11232
11201
10961
11017
11164
11168
10991
11462
11042
10752
11433
11044
11068
10999
11294
11003
11307
11190
10769
11628
10776
10889
11227
11039
11230
11180
11081
11077
11113
11135
10878
11231
11176
11028
11388
10980
10992
10988
11374
10973
11110
11189
11063
11285
11034
10951
11204
11159
11040
11029
11225
11142
11203
11094
10987
11276
10816
11112
11019
11175
11192
11310
11126
11027
11127
11068
11080
10919
11290
11114
11027
11315
10985
11241
11083
10870
11245
11419
10769
11368
10987
11020
11125
11145
11012
11153
11118
11108
11247
11101
10963
11162
11182
10781
11199
11447
10914
11030
11312
10994
11070
11069
11198
11114
11129
10985
11242
11214
10937
11152
10991
11181
11149
11053
11184
11223
11066
10978
11219
11102
11009
11178
11130
11110
11171
11044
11035
11194
11106
11035
11144
11111
10965
11332
11183
11032
11079
11113
10901
11328
11067
11050
11190
11144
11153
11046
11152
11050
11268
11081
11015
11182
11094
11052
11119
11133
10970
11208
11116
10985
11347
10973
11146
11129
18627
3469
11203
11091
11212
11178
10985
11061
11204
11083
11014
11202
11072
11131
11213
11045
11092
11069
11149
11019
11167
11087
11170
11121
11090
11004
11188
11140
11020
11201
10908
11331
11223
10999
11081
11181
11105
11012
11078
11159
11230
11095
11180
11032
10858
11357
10975
11139
11000
11000
11366
11262
11123
10841
11233
10982
11105
11135
11214
11199
11104
11070
11181
11009
11102
11149
11068
11159
11111
11483
10797
11085
11052
10885
11321
11108
10959
11255
11237
10949
11254
11025
11049
11212
11081
11090
11112
11292
10935
11121
11147
11000
10967
11176
11185
11146
11220
10905
11253
11190
10954
11093
11047
11033
11310
11087
11074
11227
11101
11057
11121
11104
11299
11088
11037
11002
11162
11112
11049
11134
11089
11156
11262
11101
10823
11315
11185
10927
11163
11052
11165
11038
11188
11183
11037
11147
11015
11164
11110
11110
11289
11031
11073
11116
11087
11053
11099
11055
11120
11222
11139
11118
11065
11218
11019
11067
10989
11102
11133
11297
11109
11124
11070
10852
11330
10959
11169
11273
11059
11089
11186
11087
11078
11262
10922
11148
11167
11181
11149
10969
11127
11031
11163
11000
11215
11181
10815
11324
11199
11075
11048
13803
8785
10528
11298
11212
11026
11167
11177
11001
11130
11018
19113
3214
11068
11070
11194
11060
11066
11019
11221
11105
11624
10710
11003
11300
10794
11285
11261
10874
10994
11283
11179
10968
11178
11010
11262
11089
11070
10908
11262
11204
11042
11154
11004
11266
11227
11041
10909
11117
11173
11014
11314
10850
11311
11108
11093
10974
11205
11125
11216
11187
11005
11083
11031
11404
10823
11096
11271
11016
11097
11206
11114
11118
11007
11156
11232
11026
11099
11089
11190
11042
11122
11074
10972
11194
11206
10952
11206
11024
11264
11086
11059
10987
11250
11224
11071
11085
10928
11078
11265
11209
10830
11281
11156
11038
11088
11124
11233
11084
11166
10842
11241
11255
11051
11163
11064
11080
11136
11070
11021
11368
11051
11018
11117
11119
11140
11121
11003
11041
11122
11195
11127
11245
11078
10998
11178
11084
11007
11091
11274
11110
11116
11154
11056
11003
11109
10915
11282
11279
11061
11114
11173
11069
11135
11154
10882
11241
11160
11006
11192
11213
10962
11180
11055
11010
11407
11020
11535
10614
11106
11157
11070
11039
11048
11255
10977
11182
11192
11073
11092
11129
11075
11058
11021
11381
10942
11187
11169
10958
11170
11256
10833
11169
11261
10945
11268
11136
11050
11118
11054
11058
11045
11132
11165
11167
11159
11070
11159
11138
10998
11058
11225
11061
18790
3335
11124
11283
11066
11049
11145
11101
11184
11131
11114
11029
10812
11329
11134
11140
11236
11113
11073
11100
11106
11077
11076
11057
11166
11126
11167
11094
10966
11014
11349
11104
11064
10975
11224
11144
11188
11077
11077
11188
11008
11068
11117
11236
11129
11114
11155
11023
11165
11209
10814
11016
11416
11066
11115
11208
10878
11206
11078
11035
10986
11240
11094
11286
11141
11075
10945
11106
11142
11083
11220
11002
11307
11147
11038
11067
11127
11093
11140
11308
10764
11230
11142
11066
11175
11059
10995
11214
11211
10969
11185
11225
11043
11052
10850
11361
11139
11021
11193
11213
11016
10865
11346
11141
10854
11284
11087
11157
11089
11175
10942
11271
11144
11009
11125
11220
11010
11155
11005
11305
11058
11039
11192
10850
11318
11114
11157
11093
11110
11052
11095
11092
11001
11153
11246
11076
11173
11148
11008
11012
11257
11124
10914
11115
11295
11200
11009
11176
11071
11127
10866
11336
11023
11184
11043
11093
11084
11154
11064
11220
11149
11071
11161
11160
11023
11155
11046
11106
11088
11200
11205
11040
11188
11020
11092
11065
11011
11067
11239
11018
11299
11065
10986
11221
11090
11049
11158
11002
11154
11275
11084
11169
11008
11083
11090
11184
10924
11002
11258
11321
11010
10911
19579
2644
11104
11207
11113
11153
11229
10984
11202
11104
11015
11005
11094
11129
11320
11122
10825
11401
11080
10943
11180
11061
11036
11448
11017
11126
11107
11039
11017
11211
11204
10996
11174
11109
11049
11172
10876
11194
11189
10947
11136
11289
11132
10875
11343
11068
11060
11179
10973
11094
11197
11157
11112
11156
11095
10987
11191
11183
11111
11036
11164
11130
10908
11233
11042
11156
10989
11041
11375
11092
11112
11153
11020
11074
11154
11005
11294
11076
11021
11104
11250
11127
11054
10960
11114
11134
11242
11094
11106
11235
10992
11091
11069
11167
11101
11034
11303
11029
11220
10979
11091
11135
11200
12205
9946
11183
11104
11042
11096
11036
11140
11075
11141
11205
16395
5682
13051
9383
10926
11104
11211
10916
11251
11170
10918
11328
11095
11051
11049
11185
10991
11238
11026
10994
11142
11324
11021
11076
11038
11118
11042
11377
11158
11148
11085
11015
11172
11066
10928
11212
11274
10969
11250
11007
11071
11120
11183
10932
11263
10991
11176
11191
11080
10903
11304
11151
10936
11331
11134
10996
11217
11027
11095
11173
11035
10956
11161
11354
10881
11247
11032
11113
11160
11121
11336
10963
10875
11255
11209
11065
11064
11146
11131
10931
11254
11104
11077
11129
11106
11072
11155
11071
19036
3097
