43865
7233
3669
29308
22604
10866
11224
11069
11005
11305
11222
10636
11345
12603
9435
11407
10965
10999
11318
11093
10913
11264
11082
11117
10917
11306
10964
11123
11270
10909
11346
10977
11082
11452
11155
10869
10970
11097
10977
11420
10802
11239
11331
11113
10768
11379
11068
10987
11242
11066
10982
11434
11160
10797
11280
10936
11122
11157
11376
10960
11015
11241
10924
11212
11099
10878
11420
11205
10798
11273
11103
10849
11256
11236
10981
11197
11093
11055
11283
11110
10989
11169
11037
10928
11247
11119
11173
11104
11159
10974
11116
11234
11045
11112
11158
10950
11197
11224
10901
11301
11137
11050
11113
11124
11095
11180
11376
11049
10892
11418
10520
11228
11216
10999
11273
11271
10909
11144
11133
10994
11157
11155
11068
11256
10982
11055
11125
11189
11051
11100
11143
11005
11238
10993
10950
11202
11230
11120
10942
11073
11174
11188
11258
10930
11212
11167
11059
11232
10920
10995
11282
11133
11030
11182
11294
10993
11099
11204
10659
11310
11079
10931
11220
11373
11000
11099
10965
11090
11307
11159
11069
10971
11296
10969
11211
11121
11068
11256
11255
10960
11288
12481
9510
10951
11009
11216
11347
11045
10998
11218
11136
10941
11223
11090
10956
11300
11130
11086
11063
11524
18280
3599
11330
10670
12227
10053
11046
11196
11047
11318
11016
11159
10949
11264
11205
10955
11226
11136
10979
11155
11144
11075
11164
11141
10890
11275
11404
10977
11139
10911
11021
11043
11222
11025
11316
11112
10981
11160
11132
10946
11388
11049
10959
11195
11141
11058
11422
10986
10728
11465
11394
11015
10841
11089
10803
11387
11051
10922
11344
13271
8804
11329
10930
11220
11176
10999
11025
11076
11227
11000
11284
11211
10932
11217
11006
11028
11226
11024
10994
11371
11056
11064
11200
11064
11009
11109
11265
11109
11093
11136
10992
11221
11100
11052
11071
11319
10924
11221
11153
11033
11159
11045
11016
11252
11166
10912
11244
11175
11021
11128
11046
11146
11026
11114
11037
11375
11117
10789
11420
11023
10999
11153
11065
10999
11392
11000
11112
11207
10891
11109
11085
11312
11011
11218
11160
11057
11104
11136
10936
11192
11011
11162
11290
11243
10909
11167
11096
10967
11092
11171
11029
11112
11234
11040
11190
10935
11149
11159
11123
11089
11190
11085
11057
11239
11034
11057
11278
10946
11160
11229
11943
10075
12106
10287
11080
11126
11046
11043
11740
10620
11044
11186
11084
11008
11022
11165
11304
11075
11254
10884
13741
8571
11020
11183
11213
10993
11175
11165
10956
11169
11064
11129
18434
3729
10944
11383
11167
11031
11127
10976
11097
11198
10948
11189
11304
11049
11083
11209
10917
11094
11156
10995
11031
11483
11089
10830
11351
11003
10967
11270
11402
10761
11204
11240
10940
11266
11036
11063
11127
10942
11129
11125
11337
11008
11156
11018
11110
11218
11081
11003
11338
11028
11108
11085
11066
11067
11160
10893
11225
11221
11087
11032
11255
11048
10882
11244
11021
11128
11692
10810
10975
11213
10900
11267
11103
10988
11147
11294
11252
10845
11197
11033
11167
11086
10931
11139
11325
11049
11042
11204
11085
11360
10887
12368
9736
11202
11194
10997
11215
10944
11090
11236
10970
11057
11245
11184
10983
11288
10974
11141
11122
11047
11308
12048
10175
11163
11042
11025
11015
11104
11022
11005
11243
11149
11197
11213
10983
11139
12643
9677
10838
11351
11145
11004
11165
11214
10898
11138
11112
10995
11226
11213
11009
11187
11064
11081
11108
11109
11011
11305
11123
11080
11254
10934
11102
11122
11292
10735
11309
11267
10979
15176
7429
10609
11238
11072
10947
11321
11086
11151
11155
11051
10986
11181
11034
11183
11195
11092
11012
11237
11941
10168
11170
11133
11061
11096
11153
11074
11204
11086
11000
11226
11037
10859
11366
10971
11212
11271
11012
11066
11163
11019
10936
12339
17993
3180
11133
11134
10937
11296
11073
11011
11339
10957
11167
11123
11140
11092
11136
11095
10946
11237
10858
11335
11159
11912
10074
11425
10845
11093
11175
11276
10944
11299
11065
11090
11191
10910
11187
11211
11043
11117
11221
11119
10986
11209
10997
11047
12255
10037
11144
11225
11028
11034
11220
11061
11027
11505
10843
11018
11353
10988
10960
11185
11110
10949
11310
11036
11122
11221
11024
11075
11146
11115
10865
11347
11013
11276
11103
11139
11048
11212
10998
10863
11383
11975
10163
11051
11266
11070
11198
11063
10751
11424
11089
11139
11233
11083
11021
11183
11027
10813
11272
11215
11118
11206
11070
11071
12012
10128
10944
11407
10992
11147
11285
11029
11015
11180
11049
11078
11069
11066
11166
11068
11163
11140
11204
11069
10951
11060
11108
11124
11291
11053
10981
11226
11179
10820
11320
11127
11225
11136
11098
11049
11236
10933
10997
11175
11204
11167
11141
11051
11007
11047
11245
10943
11236
11073
11233
11179
10852
11007
11403
11105
10922
11124
11212
11229
11155
11055
11008
11240
11005
11006
11087
11258
10866
11259
11326
11074
11107
11041
10999
11133
11057
11139
11288
11207
10925
11282
11182
10747
11288
11237
10949
10936
12029
10364
11107
11097
11029
11269
11145
11062
11211
11034
18532
3745
11010
10978
11223
11009
11208
11170
10927
11200
11224
11122
10993
11930
10419
11036
11239
11065
11160
11030
11061
10975
11231
11135
10939
11286
11214
10835
11203
11199
11027
11224
10974
11215
11203
10995
11128
11207
11058
11024
11259
10912
11164
11130
11208
11020
10971
11304
10761
11291
11058
11238
11197
11027
10992
11342
11155
11003
11025
11221
11045
11244
10908
11190
11214
11037
11090
11083
11303
10965
11213
11118
11010
11149
11021
11034
11339
10975
11041
11322
11119
10811
11340
11058
11066
11009
11298
11034
11246
11018
11099
11183
11054
11094
11033
11159
11026
11229
11139
11067
11177
11041
11093
11011
11198
11122
11164
11102
11026
11161
11103
11052
11087
11056
11069
11166
11185
11129
11040
11267
10844
11205
11178
10978
11335
11191
10795
11477
11132
10886
11060
11219
11148
11171
11068
11013
11496
10833
10971
11207
11116
11248
11006
11132
11035
11154
11193
10903
11147
11106
11143
11410
10870
11117
11163
11084
11017
11158
10916
11161
11324
11092
10961
11176
11205
10807
11261
11058
10991
11361
11080
10954
11210
11176
11063
11047
11093
11286
11234
11018
11048
11213
11032
11060
10968
11531
10958
11095
11040
11174
11154
11094
10883
11010
11240
10961
11534
10974
11183
11099
11108
10978
18375
3882
11094
11065
11236
10935
11413
10996
11017
11176
11118
10990
11366
11106
10978
10896
11112
11227
11121
11088
11163
11176
11060
11118
11211
11144
10848
11490
10771
11174
11113
11060
11100
11248
11077
10996
11138
11033
11148
11240
11079
10909
11380
11025
11063
11207
11075
11029
11333
10973
11079
11135
11168
10995
11133
10948
11109
11141
11318
11016
11167
11265
10912
11134
10987
11212
11217
11029
11071
11246
11373
10644
11209
11165
10986
11271
11027
11197
11136
11080
10964
11213
10946
11016
11375
11098
11074
11183
10876
11215
11176
11070
10997
11634
10639
11153
11377
10968
11049
11151
10978
11185
11247
11129
11106
11114
11038
11032
11160
10909
11100
11117
11357
11077
11010
11297
11000
11045
11158
11005
11304
11155
10972
11236
11141
10996
11039
11213
10970
11264
10992
11197
10993
11078
11191
11247
10949
11186
11202
11019
11099
11257
11000
11031
11169
11091
11143
11135
11138
11176
11133
10993
10962
11248
11040
11005
11109
11315
11109
11134
11162
10786
11347
10995
10996
11367
11137
11109
11125
10959
11112
11149
11126
10966
11305
11376
10782
11033
11276
10983
11133
11154
10942
11222
11133
11066
11346
11005
11044
11177
10932
11035
11576
10883
11090
11048
11200
11006
11412
10860
10894
11312
18962
3275
11092
11143
11059
11200
10961
10973
11260
11194
11170
11258
10995
10976
11217
11005
10928
11171
11296
10946
11387
11157
10908
11238
11004
10946
11314
11111
11063
11169
11169
10998
11163
11096
11034
11240
11134
10775
11354
10939
11031
11364
11007
10981
11227
11229
11030
11168
11173
10831
11354
11155
11042
11104
11107
11154
11065
11207
10956
11163
11171
11020
11036
11405
11032
11080
11177
10977
11135
11003
11020
11291
11468
10750
11178
11069
11102
11167
11012
11170
10993
11189
11055
11243
11198
10766
11310
11142
10952
11085
11125
11144
11221
11197
11065
11270
10913
10987
11148
11358
10890
11155
11224
10795
11220
11124
11021
11148
11131
11180
11126
11179
11060
10995
11138
11025
11172
11173
11203
11153
11014
11094
11255
11049
11064
11031
11068
11292
11153
11061
11041
11017
11260
10998
11186
11199
11041
11049
11170
11119
11056
11090
10954
11111
11246
11153
11217
11197
10954
11157
11132
10955
11176
11160
11119
11098
11192
11025
11164
11083
11001
10992
11342
10838
11401
11051
11122
11156
11059
11065
11143
11175
10797
11628
10858
11102
11155
11125
10953
11301
11096
11017
11138
11092
11171
11075
11061
11043
11022
11381
10887
11224
11262
10942
11226
11248
10778
11174
10989
11294
11170
11127
18461
3620
11136
11138
10925
11181
11042
11176
11292
11067
11136
11218
10916
10970
11369
10999
11179
11096
11071
11144
11085
11018
11032
11248
11082
11264
11051
11054
11212
11077
11084
10954
11205
11013
11389
10889
11216
11176
11099
11081
11029
11082
11082
11244
10957
11232
11175
11089
11045
11089
11299
10940
11191
11190
10959
11163
11167
10994
10951
11385
11038
11213
10887
11248
11205
11026
11045
11148
11172
11065
11077
11221
10937
11235
11089
11111
11045
11281
11019
11226
11011
11007
11221
11050
11017
11012
11204
11049
11293
11124
11083
11128
11088
11020
11136
11064
11338
11030
11208
11078
11066
11164
10921
11276
10969
10906
11487
11115
10763
11400
11058
10868
11296
11002
11217
11142
11248
10947
11202
11152
10983
11121
13726
8611
11145
11094
10895
11287
11134
10945
11110
11001
11847
10657
11058
10920
11298
11396
10798
11076
10968
11225
11213
11047
11114
11188
11125
10979
11118
11180
11059
11232
11016
11012
11294
11139
10905
11151
11208
11248
11254
10934
10850
11040
11287
11065
11128
10994
11231
11518
10881
10914
11299
11076
10947
11141
11106
11070
11476
10944
10952
11184
11101
11008
11134
10939
11109
11444
11084
11006
11157
11249
10879
11161
11048
11227
11270
11006
11176
11045
11145
10895
19371
2789
11033
11500
11046
10971
11088
10962
11211
11181
10948
11131
11254
11277
10875
11293
11197
10901
11095
11004
11188
11284
11059
11111
11167
11221
10871
11138
11142
11176
11045
11283
11021
11120
11093
10953
11180
11014
11175
11343
11016
10962
11209
11170
10996
11137
11125
10972
11333
11050
10809
11488
10974
11012
11196
11440
10685
11532
10663
11139
11248
11161
10978
11191
11089
11023
11217
11105
11043
11248
11082
11008
11093
11162
11035
11259
11073
11044
11316
11068
10888
11164
11105
10955
11318
11196
10949
11068
11235
11075
11123
11113
11144
11236
11053
11002
11172
11148
10979
11182
11089
11034
11301
11124
11070
11060
11138
11044
10979
11093
11236
11197
11234
10899
11242
11098
10991
11163
11077
11104
11197
11169
11134
11143
11037
10996
11082
11163
11000
11153
11449
10586
11440
11122
11001
11202
11092
11089
11216
11069
11080
11165
11085
11009
11121
11131
11017
11318
11042
10917
11287
11141
10983
11210
10911
11178
11358
11081
10700
11529
11100
10933
11054
11333
10901
11301
11043
11052
11008
11269
11030
11006
11055
11187
11154
11446
10951
11095
11089
10952
11311
10917
11190
11149
11193
10946
11331
10867
11205
11122
10933
11224
11152
11241
10907
11288
11149
10962
11116
10956
11147
11281
18904
3232
10969
11348
10939
11235
11017
11060
11096
11335
11030
11022
11303
10974
11142
11133
10987
11348
11054
10954
11049
11346
10979
10987
11362
10952
11164
11158
11060
11184
11134
11049
11088
11133
10984
11185
11084
11096
11290
11111
11004
11092
11032
11120
11328
10965
11022
11297
11151
11014
10996
11181
11025
11214
11235
10977
11200
11152
11011
11024
11061
11056
11283
11179
10988
11027
11334
11059
11134
11086
11039
11172
11311
10865
11005
11362
10829
11138
11243
11070
11138
14160
8132
10929
11384
10987
11125
11076
11056
11177
11133
11076
11032
11040
11295
11200
10997
11016
11075
11072
11300
10961
11110
11120
11265
10871
11252
10962
11163
11155
11218
11231
10947
11180
11128
11025
11310
10934
11030
11356
11037
11076
10920
11229
10937
11196
11112
11101
11348
11121
11008
11204
11085
10962
11156
11232
10993
11247
11041
11000
11208
11024
11120
11038
11346
10798
11149
11169
11181
11123
10965
11176
11073
11070
11313
11133
11184
10957
11182
11078
10972
11223
11462
12099
9907
11038
10870
11347
11043
10930
11194
11060
11154
11278
15680
8044
10769
10030
10913
11170
11248
11018
11056
11210
11108
11110
10949
11166
11094
11045
11316
10887
11168
11233
11100
11137
10864
11153
11204
11064
11129
11263
18431
3592
11061
11104
11128
11274
10989
11314
11121
10991
11240
11096
11009
11156
11042
11109
11278
11141
11004
11203
11019
11039
11170
11235
10913
11290
11128
11014
11209
11041
11005
10959
11259
11061
11310
11139
10956
11167
11137
11029
11008
11264
10945
11381
10884
11129
11169
11105
11016
11250
11311
10786
11282
11350
10790
11121
11072
11048
11153
11457
10781
10965
