59052
6605
4791
3699
11250
10729
11284
11158
11057
11222
11241
11028
11242
15211
6717
11119
10869
11619
10934
10973
11521
11023
10613
11507
26424
1626
5315
10632
11235
11543
10712
11426
11099
10956
11452
10904
10708
11320
11167
10930
11417
10690
11168
11371
11413
10526
11409
11251
10968
11348
11004
10889
11260
11078
10947
11144
11140
11097
14518
7884
10967
11099
11157
10865
11061
11170
11001
11419
11428
10777
11130
11095
10968
11139
11198
10974
11667
10762
10972
11248
11032
10897
11658
10799
10986
14743
7603
10829
11419
10928
11029
11132
11244
11159
11965
10296
11119
11071
11098
10929
11380
10989
11266
11128
11510
10545
10987
11335
10929
11184
11091
11118
11052
11325
10781
11402
11489
10619
11054
11097
11248
11031
11205
11282
10907
11141
10989
11226
11136
10904
13462
9792
10030
11511
10986
10893
11095
11113
11300
11134
11689
10431
11423
10938
10779
11227
11911
10356
11252
11027
11049
11177
13203
8892
44498
1875
7756
1667
11118
11257
10741
11197
11176
10931
11238
11148
10972
11257
11124
11011
11163
11064
11155
13485
11425
8376
11209
11167
11007
11198
10993
11063
11560
10659
11228
11232
10891
11117
11181
10995
10979
13463
9227
10774
11329
13378
8656
11204
10941
11057
18935
3523
10829
11395
11221
10832
11028
11151
11077
11429
11151
10934
11189
11147
10942
11150
10975
11125
11367
46598
1873
4993
2581
10503
11077
11187
11322
10751
11335
11003
11024
11060
11191
11064
11145
11207
11051
11138
11195
11067
11116
11038
11076
11182
11130
11158
11020
11128
11012
11228
11118
10810
11330
43377
4100
2462
5701
11256
10736
11327
11057
11199
11174
11095
11016
11140
11184
10961
11140
11092
10865
11476
11136
10815
11356
12880
9142
13479
8815
11078
11266
11019
11227
11075
11126
10999
11096
11056
11167
11285
11110
11197
10968
11185
10882
11138
11006
11322
13108
11090
8879
11181
11061
11162
11161
10993
11180
11295
11043
11055
11188
11092
11018
11129
11098
11000
11217
11328
10989
11155
12970
9282
11354
10755
11036
11076
11201
11174
11151
11063
11052
11087
11210
11065
11148
11287
10920
11183
11072
10965
11194
11053
11032
11347
12972
9199
11280
10759
10997
11228
11087
11213
11320
10999
11098
11171
11077
11056
11097
11063
11064
11350
11025
11132
11103
11082
11011
13032
9472
11030
11187
10793
11101
11156
11045
11433
10923
11101
11283
11078
11037
11084
11171
11147
10963
10989
11293
11194
10854
13302
9021
11250
11210
10984
11194
10884
11086
11053
11292
11042
11182
11130
19002
2971
11245
11270
11000
11087
10990
11352
11068
12796
9315
11109
11212
11148
11240
11084
11111
11006
10974
10939
11129
11272
11183
11102
13468
8746
11174
11068
11039
11037
11128
11255
12915
9289
11043
11167
11159
11012
11216
10998
11380
10772
11195
11009
11175
11234
11012
13587
8741
11087
11164
11179
11073
11067
11075
11018
11152
11292
10943
11173
11189
11015
11184
11033
10875
11345
11101
11092
10948
13911
8514
11173
11055
11073
11099
11125
11208
11178
10992
11123
11114
11043
11006
11223
11178
10976
11428
10992
11090
11004
10963
11009
11222
11089
11195
11216
10976
11309
11078
11066
11019
11163
11170
11062
11269
11025
11054
11204
11021
10972
11335
11083
11458
10601
11066
11049
11239
11138
11076
11229
10974
11126
11274
11070
11074
11085
11089
11080
11179
11011
11252
11131
11144
11083
11110
11120
11126
11096
10965
10943
11434
10986
10921
11378
11090
11081
11095
11199
11029
11147
11154
11172
11063
11088
10970
11137
11104
11142
11351
11059
11097
11073
10854
11023
16038
6551
11033
11213
11035
11038
11240
10988
11039
11118
11339
10903
11175
11271
10846
11276
10888
11133
11288
10949
11362
10829
11154
10945
11217
11216
11102
11105
11077
11067
11273
11220
10973
11247
10998
10993
11156
11093
18673
3657
11001
11210
11211
11034
11122
11006
11068
10890
11347
11144
11019
11234
11057
11063
11024
11276
11052
11221
11197
10892
11277
11011
11063
11159
11156
10958
11199
11302
11115
10989
10871
11027
11233
11110
11224
11115
11213
11002
11179
11178
11027
11139
11061
11091
11258
11070
11109
11147
11025
10884
11327
11183
10945
11094
11134
10976
11113
11284
11067
11190
11121
11007
11316
11127
10991
11126
11220
10988
11083
11077
11064
11235
11232
10918
11295
10912
11320
10987
11096
10901
11224
11173
11060
11170
11125
10997
11193
11148
10865
11427
11100
11019
11151
11151
11000
11159
11144
11046
11307
11218
11037
10972
10775
11114
11236
11075
11334
11044
11103
11167
11169
11089
11020
11142
11109
10996
11328
11044
11131
11117
11075
11027
11172
11178
10904
11243
11064
11024
11124
11277
10985
11045
11262
11138
11152
11190
10992
11175
11047
11057
11273
10983
11048
11217
11146
11093
11349
10928
10970
11127
11149
10851
11293
11165
11025
11282
11064
10918
11265
11146
10895
11295
11230
10959
10991
11255
11086
11146
11102
11032
11121
11313
10881
11341
10764
11073
11186
11138
11296
10968
11162
11209
11216
10942
11111
11083
11212
11013
11229
11217
10910
11280
10967
11143
11068
11083
10965
11045
11289
11204
19390
2643
11059
11348
11063
11016
10919
11450
11016
11116
11208
11017
11193
11094
10997
11181
11164
11152
11146
11085
10821
11249
11132
11123
10944
11204
11219
11066
11120
11067
11034
11147
10998
11169
11317
10939
11249
11108
11129
11065
11145
11047
11124
11105
11214
11049
11128
11097
11043
11130
11092
11122
11070
11265
11021
10873
11348
11132
11119
11037
11136
11061
11199
11071
11289
10972
11063
11156
11012
11035
11265
11226
11010
11159
11046
11149
11163
10974
13056
9154
11271
11198
11051
11017
11094
11213
10944
11160
11064
11349
10966
11177
11065
11086
11064
11078
11140
11102
11109
11208
11119
10813
11191
11320
10969
11230
11059
11131
11307
11021
11030
11098
13528
8979
10696
11218
11235
11003
11131
11070
11114
11057
11081
11193
11080
11258
11071
11118
10981
11121
11152
11086
10967
11261
11166
11267
11017
11022
11111
11119
11075
11133
11099
11240
11014
11057
11093
11137
11173
11050
11077
11042
11278
11169
11051
11069
11040
11174
11058
11138
11114
11156
11129
11064
11092
11136
11373
10691
11168
11252
11114
11098
11042
11089
11180
11113
10970
11193
11138
10953
11288
11073
11235
11113
11041
11001
11231
11093
10960
11460
10918
10943
11100
11301
10984
11159
11266
10947
11102
10967
11263
11184
19067
2828
11249
11343
11050
11118
11129
11069
11184
11100
11223
10843
11132
11067
11309
11087
11043
11168
11125
11022
11096
11110
11207
11124
11013
10882
11264
11276
11010
10970
11281
11094
11194
11080
11105
11145
11149
10990
10982
11063
11277
11246
11000
11112
11176
11146
11044
11042
11148
10955
11251
11248
10963
11077
11221
10997
11174
11182
10950
11316
11045
10806
11430
11059
11062
10981
11254
11160
11070
11008
11192
11230
11041
11057
11108
11183
11019
11105
11157
11088
11212
11134
10986
11233
10971
11153
11185
11197
10969
11173
11098
11028
11151
11035
11151
11223
11090
11047
11128
11139
11003
10992
11352
11056
11081
11087
11245
11100
11120
10779
11258
11055
11070
11384
11098
11013
11197
11093
11047
11102
11069
11162
11082
11216
11026
11184
11136
11030
11178
11501
11064
10692
11206
10781
11442
11007
11161
11071
11153
11028
11167
11006
11158
11194
10981
11164
11100
11149
11118
11069
11236
11011
11170
11430
11032
10848
11036
11115
11075
11230
11113
11145
11059
11039
11432
10899
11056
11108
11113
11072
11218
11059
11041
11167
11141
11070
11314
11298
11084
10685
11278
10841
11159
11113
11225
11226
10929
11086
11263
11083
11069
11089
11187
11041
11299
10999
11082
11195
10964
11085
11118
11238
18615
3651
10868
11041
11175
11076
11216
11031
11318
10979
11159
11182
11049
11229
11088
11058
11099
11126
11004
11148
11112
11189
11205
11078
10788
11271
11144
11031
11063
11168
10949
11463
11128
11022
11167
11055
11023
11039
11177
10939
11471
11129
10925
11187
11152
11027
11112
11126
11127
11193
11080
10974
11203
11107
11321
10746
11329
11041
11175
11057
11201
11036
11100
11071
10985
11277
10989
11234
11156
11014
11156
11147
10976
11053
11229
11151
11208
11100
10770
11431
11082
11070
10991
11352
10917
11336
11039
11010
11115
11129
11039
11202
11156
10965
11228
11345
11074
10719
11291
11027
10964
11330
11103
11122
11152
11020
11152
11173
11068
11270
11025
10966
11168
11064
11120
11104
11157
11066
11176
11128
11137
11151
11045
10999
11207
10929
11249
11007
11285
11087
11222
11060
10958
11153
11139
11048
11054
11286
11014
11207
11067
11040
11048
11285
10989
11211
11034
10947
11329
11147
11029
11130
11111
11068
11117
11334
10818
11306
11071
11057
11084
11170
11005
11005
11396
10813
11439
10978
11105
11163
11149
10935
11074
11362
10797
11368
11181
10881
11219
10993
11245
10949
11431
10679
11434
11125
10989
11139
11246
10985
10968
11318
10831
11391
10851
11273
10984
11245
11000
11030
11395
10997
19336
2850
11034
11273
11138
10973
11336
11065
11056
11095
11065
11041
11228
11054
10858
11323
11016
11203
11048
11297
10961
11089
11197
10984
11075
11323
11045
11250
11010
11118
11010
11250
11060
10946
11402
10969
11267
11034
10959
11264
11066
11077
10979
11362
11003
11319
11040
10977
11174
11098
11031
12612
9455
11131
11253
11240
11023
11211
11060
10996
11041
11120
11204
11201
11147
11018
11140
11066
11091
11013
11253
11152
11146
11024
11038
12870
9438
11133
10948
11302
11005
11255
11026
11103
11096
11126
11089
11014
11309
10829
11447
10780
11081
11172
11278
11091
10966
13111
9315
10962
11117
11135
11150
11073
11122
11073
11219
11101
11083
11164
10915
11294
11094
10882
11136
11203
10964
11348
11128
11073
11106
11099
11035
11176
11131
11010
11428
11009
10946
11253
11055
11085
11018
11277
11051
11188
11126
10972
10970
11231
11111
11018
11199
11154
11070
11310
10934
11182
11079
11126
10936
11145
11313
11072
11101
11082
11128
11138
11024
11066
11156
11004
11304
11124
11003
12706
9592
11039
10980
11183
11013
11384
11182
10907
11173
11151
10993
11170
11207
10987
11260
10962
11210
11189
11000
11043
11013
11329
10991
11230
11482
10659
11127
11102
11090
11160
11068
11164
11150
10973
11130
11198
18910
3129
11133
11160
11184
11178
11024
10970
11208
11172
11027
11138
11108
11108
11062
11288
10957
11267
11101
11078
11041
11255
10883
11344
11141
10922
11224
11066
11056
11151
11071
11025
11337
11074
10848
11411
11045
10895
11386
10851
11127
11355
11094
11061
11189
11111
11153
11004
10891
11131
11357
11127
10829
11297
11129
11097
10927
11072
11187
11380
11096
10862
11306
11086
11087
11056
11029
11015
11378
11155
10932
11276
11047
11109
11007
11061
11081
11407
11028
10962
11284
11007
11123
11205
10916
11069
12770
9649
10932
11046
11282
11042
11206
10873
11243
11350
11017
10984
11223
11084
11148
11103
10892
11211
11120
11248
11004
11013
11124
11044
11185
11114
11235
11119
11049
10911
11369
11167
10988
11109
10993
11231
11295
11040
10981
11196
11143
11093
11085
10980
11149
11292
11105
10935
11255
11116
11001
11162
10951
11229
11250
11089
11014
11169
10812
11247
11015
11362
10987
11241
11061
10996
11327
11019
11123
11053
11022
11157
11183
11213
10994
10938
11340
11032
11180
11057
11019
11270
11162
10833
11433
11005
11046
11193
10908
11317
11150
11116
10975
11229
11071
11089
11166
10888
10987
11392
11159
11019
11031
11278
11081
11136
10907
11302
11173
11200
10916
11202
11134
11011
11055
11134
18588
3644
11111
11101
11195
10928
11206
11118
11115
10994
11290
11099
10969
11248
11133
11026
11118
10974
11003
11448
11035
11056
10987
11319
11064
11195
10923
11184
11340
11108
10872
11220
10962
11233
11140
11053
10975
11253
11131
11002
11151
11117
11185
11056
10910
11191
11090
11309
10871
11185
11242
11086
11147
10981
11120
11175
11159
10993
11237
11142
11045
11188
10995
11026
11246
11183
10950
11168
11110
11198
11059
10984
11063
11132
11309
10979
11194
11151
11079
11163
10966
11046
11070
11272
11058
11078
11282
10996
11038
11059
11232
11088
11216
10969
11298
11042
10937
11193
11240
10983
11143
11111
11007
11394
10997
10994
11033
11124
11242
11089
11011
11076
11134
11295
10871
11085
11326
11203
11044
11100
10971
11172
11194
11093
10981
11260
11051
11185
11201
10972
11211
11137
11081
10943
11266
11031
11127
11094
10962
11412
11021
11052
11032
11272
10978
11185
11099
11166
11071
11125
11074
11017
11092
11185
11110
11311
10864
11226
10961
11177
10960
11352
11012
11216
10985
11099
11382
10772
11378
10913
11148
11195
11181
11142
11047
11244
11073
11026
10945
11109
11120
11262
10978
11220
11054
11108
11142
11014
11211
11029
11059
11290
11013
11162
11245
10790
11217
11124
11099
11190
11083
11046
19374
2770
11232
11101
11216
10884
11294
11031
11173
10922
11350
11085
10955
11307
10856
11155
11066
11170
11246
11190
11103
10995
11028
11224
11208
10984
11124
11190
11092
11166
10928
11268
11008
11062
11335
10843
11372
11058
10976
11097
11238
11098
11187
11058
10940
11116
11310
10987
11131
11123
11054
10972
11333
11046
11220
11066
11200
10869
11276
11036
10948
11229
11036
11264
11094
11172
10905
11384
10916
11171
11262
10966
11182
11099
11100
11099
10876
11277
11072
11286
11389
11173
10879
10935
10947
11056
11160
11108
11259
10960
11297
11139
11080
10915
11353
10950
11273
11024
11034
11332
11040
11050
10911
11311
11013
11291
10938
11144
11255
11283
10893
10912
11257
11034
11270
10975
11166
10993
11313
11089
10925
11310
10961
11123
11226
10921
11226
11260
11201
11214
10724
11077
11206
11033
11040
11160
11404
10889
11155
11032
11082
11177
11170
11094
11092
10994
11338
11015
11112
11082
11115
11193
11354
11118
10966
11014
10912
11298
11028
11195
11048
11148
11101
11121
11054
11135
11105
11009
11155
11220
11010
11175
11137
11089
11063
11161
10998
11468
11013
10761
11208
11285
11040
10990
11158
11007
11325
11124
10979
11222
11068
11165
10906
11285
11036
11221
10957
11079
11273
11210
11245
11224
18556
3175
11108
11174
11081
11034
11137
11275
10893
11356
11074
11175
11008
11118
11171
11125
11017
11203
11028
11780
10552
10934
11143
11110
11221
11148
10861
11221
10888
11393
11007
11160
11167
11118
11093
10877
11277
11106
11202
11024
11051
11102
11253
11076
10997
11272
10984
11233
13352
9002
11023
11166
11047
10899
11283
10943
11360
11055
11016
11193
11659
10615
10857
11288
11017
11420
10827
10990
11320
11049
11474
11040
10896
10935
11265
10965
11031
11187
11299
11085
10912
11255
11052
11007
11185
10985
11398
11090
11087
10892
11305
11001
11255
11038
11021
11350
11057
11134
10848
11288
11051
11194
11046
11033
11222
11122
11138
10926
11270
11064
11189
10905
11213
11121
11180
11097
11127
11097
11348
11164
11068
10588
11291
11212
10834
11144
11401
10947
11205
11138
11013
11074
11253
11091
10970
11248
11028
11179
11100
11020
11250
11035
11138
10949
11320
11053
11142
10962
11128
11194
11215
11044
11023
11206
11045
11173
11060
10999
11851
10514
11045
10953
11384
11001
11195
11169
10798
11243
11211
11377
10889
11041
11171
11035
11158
11018
11177
11074
11174
10926
12003
10382
11191
10993
11142
11194
11116
11051
11105
11170
11060
11442
11128
10510
11333
11112
11063
11144
11158
11081
11135
10911
18680
4536
10242
11099
11165
11128
11024
11219
10955
11217
11197
11115
11000
11219
11120
11089
11089
11094
11056
11221
11184
10999
11199
11091
11037
11104
11190
11009
11027
11170
11218
11171
11059
11010
11221
11043
10878
11252
11198
11380
10817
11025
11159
11153
11109
11031
11236
11129
10935
11250
11063
11129
11138
11149
10928
11281
11092
10946
11268
11186
10841
11358
11090
10816
11201
11310
11018
11138
11158
11049
11180
11092
10837
11235
11177
11092
11251
11399
10734
11213
11087
10999
11041
11196
11155
11396
10995
10980
11239
10961
10900
11186
11130
11102
11097
11159
11242
11290
10760
10989
11222
11129
11126
11198
11174
11096
10963
11252
10946
11237
11017
11177
11161
11180
10999
11269
11028
11032
11240
11082
11025
11123
11224
11040
11193
11118
10929
11131
11034
11074
11264
11281
10911
11209
11077
10969
11166
11073
11223
11178
11149
11037
11152
11024
10891
11275
11204
10948
11239
11176
11023
11203
11079
10926
11251
11063
11130
11150
11945
10227
11271
11044
10952
11271
11056
11071
11173
11184
11045
11118
11070
10988
11142
11061
11174
11204
11136
11453
10870
11011
10887
11126
11197
11217
10985
11129
11180
11214
10998
10954
11288
11205
10946
11214
11231
10903
11201
11089
11063
11055
11211
10954
19379
2818
11212
11183
11195
10902
11085
11251
10940
11234
11098
11206
11220
10983
10987
11040
11176
11130
11150
11284
10921
11199
11049
11051
11199
11054
11062
11252
11135
11109
11135
11099
10939
11067
11086
11109
11365
11130
11040
11193
10995
11025
11241
10952
11207
11138
11189
11044
11180
11062
10973
10962
11291
11090
11145
11194
11128
11111
11151
10935
11221
11019
11182
11101
11211
11088
11128
11026
11071
11174
10979
11204
11152
11142
11022
11200
11133
10976
11134
11148
10959
11239
11280
10910
11244
11122
11000
11130
11089
11174
11121
11153
11017
11395
10807
10990
11184
10916
11219
11343
11036
11075
11190
11132
10990
11204
11004
11078
11270
10972
11170
11156
11211
10952
11186
11113
10999
11237
11127
10878
11363
11087
10969
11141
11025
11115
11220
11115
11179
10900
11330
10823
11372
10964
11122
11282
11081
11080
11220
11036
11012
11160
10987
11201
11081
11256
10976
11172
11120
11046
11108
10980
11063
11225
11254
11027
11264
11111
10957
11177
10959
11156
11154
11215
11016
11176
11134
11027
11136
11004
11168
11170
11191
10979
11171
11132
10996
10943
11184
11120
11246
11148
10992
11249
11603
10581
11106
11104
11005
11245
11168
11016
10988
11290
10982
11182
11045
11089
11025
11451
10755
11413
18814
3110
11296
11083
11013
11208
11129
11087
11174
11090
11080
11207
11042
11147
11100
11178
11026
11226
11116
10819
11316
10956
11156
11390
10922
11112
11137
11131
11037
11135
11033
11114
11156
11204
11006
11192
11146
10982
11147
11080
11043
11059
11218
11163
11202
10980
11037
11229
10950
11140
11141
11208
11087
11211
11056
10982
11202
11096
10929
11245
11368
10977
11092
11164
10939
11238
10973
10965
11335
11235
10933
11100
11347
10802
11242
11142
11033
11162
11194
11058
11200
11077
11002
11226
11025
10943
11264
11229
11008
11262
10835
11008
11486
10876
11141
11168
11133
11046
11214
11023
11069
11047
11254
10909
11318
11081
11164
11111
11098
11015
11181
11159
11043
11152
11156
11016
11194
11237
10902
11244
10854
11062
14002
8909
10584
11243
11096
10992
11028
11409
10756
11157
11166
11163
11201
11171
10929
11175
11132
10954
11228
11055
11193
10948
11249
11149
11264
10894
10897
11270
11183
10947
11436
11131
10972
11131
11117
11002
11137
11259
11136
11087
11047
10993
11210
11020
10948
11236
11375
10893
11230
11070
11013
11190
11093
11006
11469
10797
11178
11152
11103
10981
11211
11075
11053
11113
11240
10949
11165
11082
10966
11514
10932
10786
11241
11582
11170
10790
11156
11014
11214
11039
18492
3660
10980
11186
11254
11062
11077
11257
10898
11076
11137
11325
10959
11294
11044
11017
11298
10977
11049
11075
11177
11127
11243
11115
11002
11069
11221
11007
11046
11027
11221
11051
11340
10966
11076
11224
11022
11220
11010
11063
11389
11068
10935
11200
11078
11021
11037
11386
10883
11257
11238
10884
11214
11234
10796
11143
11165
11108
11215
11057
11108
11194
11051
10958
11345
10959
11257
11146
11038
10802
11421
11115
10894
11112
11223
11200
11187
11051
10955
11248
11087
11038
11171
11061
11202
11102
10890
11073
11168
11307
10915
11149
11143
11131
11269
11044
11021
11283
11007
11019
11171
11163
11038
11155
11236
11102
11050
11069
11033
11272
11039
10910
11127
11317
10855
11397
11048
11044
11000
11360
10938
11242
10971
11175
11128
11257
10917
11203
11062
11027
11281
11052
10876
11327
10915
11252
11147
11063
11175
11222
11199
10888
11174
11133
10999
11267
10917
11132
11498
10937
11193
10951
11037
11090
10948
11105
11231
11037
11336
10978
11199
11087
11034
11017
11349
10919
11313
11081
11021
11203
11077
10929
11037
11208
11149
11167
11167
10982
11247
11082
10982
11198
11133
11036
11229
11141
11033
11196
11022
11050
10997
11322
11034
11223
11071
10911
11334
10990
11089
11159
11082
11468
19000
2825
10864
11288
11264
11042
11122
11211
11053
11232
11071
11026
11220
11054
11012
11174
11132
11082
11213
11329
10678
11251
11106
11028
11022
11232
10941
11320
10974
11250
11157
11117
11010
11181
11097
11133
11200
11228
10871
11215
11077
11006
11149
11137
10987
14591
8507
10653
10886
11112
10961
11233
11005
11048
11296
11034
10893
11397
11061
11078
11112
11161
11165
11016
11171
10945
11354
10841
11128
10990
11196
11021
11355
10917
11260
11216
11087
10989
11148
10946
11207
11189
11234
11104
11087
11049
11071
10995
11211
11142
11249
11043
11007
11213
11035
11081
11179
11045
10992
11307
11088
11152
10945
11330
11081
10969
11094
11129
11267
11034
11148
11313
11008
11001
10981
11250
11113
11193
11090
10987
11279
11060
10973
11030
11222
10992
11377
11020
11014
11185
11145
10970
11186
11068
11209
11152
11114
11023
11170
11146
11241
10787
11277
10909
11411
11000
10817
11392
11156
11006
10979
11203
11021
11409
11051
11009
11162
10945
11224
11024
11139
10996
11181
11204
11014
11327
11070
10997
11015
11123
11026
11452
10968
10939
11428
11061
11088
11063
11122
10921
11191
11072
11048
11185
11290
10995
11159
10957
11089
11291
11113
11112
11220
11056
11053
11178
11060
10871
11492
10983
11011
11245
18861
3156
11098
11186
11035
11234
11160
11071
11257
11089
10958
10902
11348
11127
11236
11024
10923
11387
11072
11021
11123
11069
11102
11298
10804
11227
11363
10998
11008
11086
11156
11031
11160
11088
11173
11188
11034
11151
11087
11186
10828
11226
11162
11186
11155
11117
10997
11022
11230
11068
11266
10957
10991
11354
11079
10966
11194
11075
11094
11224
10993
11177
11183
11014
11089
11001
11249
11052
11282
10967
10998
11347
10990
11006
11141
11106
11169
11175
10965
11252
11204
11101
10957
11051
11012
11369
10972
11122
11110
11074
11273
11088
11119
10939
11295
11050
11032
11349
11056
11090
11021
11100
11012
11188
11105
11175
11140
11222
11146
10952
11105
11113
10823
11254
11080
11192
11401
10904
11013
11157
11045
11112
11163
11044
11226
11257
10967
11045
11097
11131
11139
11154
11004
11213
11205
10818
11083
11122
11117
10997
11365
11196
11023
11171
11204
11000
11112
11072
11159
11060
11201
10998
11286
11070
10936
11190
11083
11337
10843
11286
10907
11323
11107
10987
11152
11041
11123
11127
11017
11284
11144
11153
10891
11187
11022
11164
11232
11064
11043
11195
11267
11182
10759
11171
11048
11089
11184
11045
11207
11473
10728
11109
11131
11063
11073
11297
10991
11091
11214
11068
11162
10943
18618
3731
10876
11347
11228
11003
11103
11103
10997
11150
11011
11372
10962
11180
11115
10828
11299
11058
11113
11083
11230
11082
11206
11000
11070
11202
11114
11067
11206
10960
11210
11252
11002
11038
10965
11271
10988
11134
11039
11304
11088
11012
11210
11176
11062
11047
11107
11276
11047
11087
11215
10997
11139
10914
11204
11152
10845
11304
11250
11069
11037
10968
11362
10974
11025
11152
11190
11205
11039
10885
11387
11102
10871
11171
11168
11206
11194
11122
11002
11138
11212
11052
11042
11026
11094
11370
10905
11147
11072
11188
11111
10853
11362
11085
11121
11263
10901
11237
11301
11064
10951
10929
11067
11326
10918
11106
11213
10989
11269
11037
11090
11164
11190
11152
11027
11115
11087
11045
11088
11089
11248
11237
11163
10713
11347
11001
11043
11087
11103
11295
11147
11170
10934
11156
11309
10934
11076
11043
11057
11317
11247
10863
11155
11109
11136
11095
11078
11214
11338
12112
9900
11001
11066
11148
11001
11106
11164
11227
11313
10933
16415
7385
9593
12119
9957
11232
11310
11157
10695
11294
11083
11036
11191
11013
11110
11423
10985
11004
11092
11157
11026
11116
11190
11095
11165
10976
11341
11090
11077
11078
11050
11091
11141
11160
11270
10922
11185
11019
11062
11122
11044
11041
19308
3155
11021
11191
11074
11031
11043
11326
10983
11218
11133
11068
11119
10964
11152
11068
11068
11125
11289
11201
10924
11176
11228
10921
11135
11032
11174
11356
11000
11049
11164
11007
11127
11167
11030
11040
11347
11164
11008
11130
11105
10952
11292
10991
10818
11638
10810
11205
