44402
7515
4169
29966
22389
11010
10830
11347
11115
10890
11396
11155
10945
11133
12796
9369
11108
11010
11041
11087
11158
11172
11302
10948
11047
11257
10924
10929
11483
10900
11026
11184
11119
11186
11101
11162
10817
11236
11155
11194
11246
11127
10890
11204
11210
10952
11128
11187
10971
11279
11255
10795
11333
11010
10985
11066
11429
11018
10926
11265
10856
11298
11205
10938
11109
11448
10837
11356
11261
10591
11261
11274
10966
11335
10840
11200
11032
11169
10831
11441
11193
11043
11202
11141
11044
11076
11130
10845
11359
11021
10926
11426
11033
11103
11273
10993
11076
11245
11218
11050
10978
10928
11261
10991
11152
10863
11249
11326
10950
11189
11396
10768
11052
11065
11059
11187
11349
10993
11204
10863
11162
11002
11261
11159
11194
11198
10863
11295
10844
11226
11152
11053
11021
11149
11371
11124
11076
10862
11252
11182
10984
10938
11305
11291
10992
11146
11012
11087
11204
11045
11115
11040
11286
11068
11120
11097
11143
11057
11242
10878
11188
11281
10986
11357
10865
11127
11058
10864
11218
11089
11234
11207
11122
10967
11170
10964
11200
10925
11267
11068
11196
11274
12555
9636
11158
11050
10821
11197
11067
11280
11174
11073
11028
11214
11083
11104
11124
11103
11126
11131
18863
3308
11128
11365
10646
11895
10578
11025
11217
11205
10999
11091
11098
10870
11236
11363
10789
11345
11170
11173
11003
11126
10959
11145
11175
11098
11168
11265
10701
11300
11091
11087
11188
11240
10881
11293
11117
10934
11145
11096
11098
11214
11217
11043
11045
13407
9008
10903
11309
10686
11266
11225
11048
11075
11224
11040
11135
11091
10988
11236
11029
11221
11078
11321
10902
11199
11054
11359
10641
11118
10990
11423
11169
11048
10995
11194
11081
11056
11252
10914
11254
10996
11266
11106
11021
10950
11199
11262
11144
11185
11069
10995
11080
11117
10984
11255
11133
11072
11221
11077
11020
11179
11075
11034
11216
11103
11004
11241
11134
11097
11116
11077
10908
11304
11060
11003
11269
11249
10964
11102
11104
10970
11200
11309
11025
11152
10923
11234
11216
10988
11020
11243
11188
11002
11203
11124
11014
11131
11241
10924
11155
11109
11076
11119
11232
11023
11141
11064
11014
11091
11269
11047
11158
11172
10808
11438
11030
11051
11037
11251
11051
11056
11202
11104
11127
11110
11037
11218
10922
11254
11119
12136
10096
11828
10325
11097
11045
11208
11033
11677
10731
11021
11205
11027
11052
11173
11080
11149
11117
11024
11063
13400
8955
10854
11193
11218
11098
11011
11092
11067
11307
11105
19159
2990
11036
11506
10900
11083
11047
11249
10923
11128
11257
10905
11223
11229
11087
11054
11222
11067
11009
11035
11316
11027
11137
11213
10969
11192
11104
11043
11201
11258
10696
11314
11283
10862
11277
11050
10911
11122
11133
11150
11191
11115
11048
11270
11080
10970
11189
10966
11103
11243
11190
10985
11256
11058
11030
11148
10915
11193
11302
10910
11013
11397
10902
11249
11022
11064
11173
11508
10901
10968
11219
11024
11030
11138
11050
11101
11098
11463
10844
11309
11010
10955
11056
11187
11085
11136
11258
10850
11130
11187
11218
11169
12455
9599
11218
11149
11022
11255
10888
10993
11347
11068
11120
11201
11127
10960
11328
11058
11019
10987
11116
11126
12212
10134
11100
11167
11201
10899
11172
11045
11080
11217
11120
11132
11110
10987
11163
12792
9513
10933
11254
11088
11024
11258
11160
11017
11103
11088
11200
11067
11186
11047
11145
11088
11043
11159
11003
11079
11216
11160
11180
11176
10994
11060
10991
11147
11087
11236
13320
9183
10864
11011
11177
11176
10953
10976
11255
11179
11051
11253
11074
10989
11175
10995
11054
11362
11142
10621
11504
12028
10116
11069
11088
10967
11356
11175
11065
11190
11067
11009
11186
10974
11055
11308
11063
11171
11200
11018
10990
11243
10942
11110
20190
2112
11105
11267
10817
11264
11305
10896
11042
11234
11175
11028
11238
11058
11062
11048
11225
11097
11117
11091
11130
11225
12044
9968
11190
11126
10986
11162
11185
11125
11243
10980
11026
11230
10989
11014
11204
11098
11060
11244
11057
11072
11184
11093
10918
12247
10252
11093
11098
11140
10885
11344
10945
11099
11131
11044
11227
11180
11104
11048
11151
11123
10910
11086
11269
11154
11293
10940
11005
11233
11073
10948
11308
11084
11015
11191
10946
11192
11216
11007
11066
11128
12224
10086
11138
11081
11082
11167
11181
10763
11320
11123
11081
11199
11148
11067
11144
11057
10906
11132
11261
11092
11210
11111
10918
12128
10232
10972
11183
11312
10942
11275
11044
11047
11210
11021
10951
11137
11282
11168
11146
11048
10873
11121
11202
11046
11250
11134
11009
11286
10989
11089
11163
11124
10950
11251
11210
10880
11182
11198
10986
11193
11112
10980
11065
11223
11173
11139
11060
11044
11111
11280
10950
11023
11338
11016
11186
11074
11032
11114
11189
10975
11112
11054
11285
11134
10995
11185
11052
11152
11011
11058
11222
11247
11146
11015
11105
11184
11076
10955
11116
11275
10991
11247
11264
10852
11124
11178
10824
11260
11121
11100
11277
11743
10395
11162
11119
11051
11243
11068
11151
11023
18500
3700
11137
11171
10967
11202
11026
11192
11121
11183
11043
11100
11129
10916
11698
10511
11247
11213
11108
11043
11163
11111
10875
11130
11222
11203
10969
11271
11047
11162
10980
11036
11123
11166
11130
11194
11137
10966
11463
10872
10894
11163
11169
11134
11263
10951
11164
11118
11205
11033
11126
11059
11225
11010
11200
10993
11208
11059
11060
11144
11098
11077
11171
11225
10808
11403
10903
11143
11087
11214
13561
9002
10779
11081
11179
11141
10977
11061
11029
11185
11180
11014
11141
11290
11015
10997
11086
11235
11127
11264
10773
11330
11156
11117
11024
10997
11256
11145
11210
11065
10992
11193
11159
10919
11182
11162
11044
11210
10991
11151
11150
10930
11021
11211
11066
11048
11385
11104
11050
11159
11072
11067
11001
11409
11075
11072
11134
11117
11251
11030
10946
11036
11212
11210
11115
11047
10918
11594
10857
11012
11033
11239
11216
11117
11076
11110
11121
11045
10983
11057
11303
10902
11555
10888
11084
11229
11027
11017
11032
11088
11213
11057
11215
10925
11382
11073
10996
11022
11194
11207
11215
11026
11078
11140
11175
10945
11024
11105
11057
11281
11077
11135
11027
11225
11060
11051
11392
10913
11161
11142
11121
11161
11081
11001
11217
11173
11035
11168
10954
11178
11216
11045
19016
3067
11002
11092
11322
11070
10882
11434
11182
10826
11110
11087
11257
11258
11061
11047
11248
11045
10978
11194
11038
10984
11355
11014
11186
11118
11102
10968
11291
10853
10977
11340
11111
11071
11282
11207
10930
10969
11323
11009
11152
11009
11227
11190
11125
10890
11123
11003
11285
11192
11048
11136
11180
11077
11043
11173
11128
10946
11324
10962
11086
11284
11083
11019
10994
11109
11143
11261
11077
11130
11189
11400
10660
11005
11472
10833
11120
11137
10907
11265
11269
10891
11219
11186
10931
11334
11094
11086
11173
11029
11038
11052
11155
11001
11572
10821
11205
11309
10896
11063
10996
11068
11016
11251
11165
11097
11305
10958
11046
11035
11206
11014
11231
11085
11098
11196
11173
10946
11079
11297
10831
11384
10992
11101
11156
11173
10925
11083
11081
11047
11331
11184
11049
11174
11141
11033
11012
11202
11031
11234
11040
11097
11266
11009
11003
11195
11227
10899
11168
11125
10944
11388
11108
11001
11023
11057
11265
11077
11129
10920
11441
10863
11214
11027
11581
10583
11296
11154
11087
11206
11110
11048
11119
10963
10948
11176
11369
10985
11213
11107
11043
11120
11160
10949
11265
11066
11107
11217
11023
11076
11171
13841
8559
10805
11234
11091
11213
11085
10961
11304
10865
11027
18988
3433
10966
11382
11078
10971
11122
11096
11093
11014
11226
11113
11294
11064
10804
11331
11121
10908
11362
10988
11065
11300
10889
11240
11221
10926
11196
11143
11091
11126
11157
11108
11028
11149
11163
11008
11126
11125
10930
11327
11070
11070
11043
11325
10977
11053
11206
11076
11231
11103
11039
11241
11002
11030
11211
11065
10965
11357
11143
10989
11053
11184
10927
11044
11356
11023
11284
11033
11034
11029
11268
11056
11166
11381
10663
11320
11135
10746
11416
11128
11035
11001
11229
11063
11314
11073
11027
11047
11164
11077
11274
11031
11056
11205
11095
10830
11642
10828
11034
11189
11093
10958
11382
11124
10772
11370
11073
11056
11388
10984
11000
11139
11156
10967
11239
10988
11015
11351
10931
11247
11086
11162
10970
11213
11087
11091
11048
11234
11166
11067
11109
11052
11213
10962
11159
11216
11039
11082
11168
10898
11222
11024
11247
10952
11244
11208
10883
11416
11097
10943
11176
11083
10875
11254
11112
11144
11216
10986
11087
11206
11105
11085
11149
10970
11049
11345
11021
11120
11185
11011
11141
11087
11161
11123
11388
10814
11069
10993
11324
10960
11130
11085
11106
11336
10930
10968
11353
10951
11156
11075
11099
11113
11319
10911
11167
11229
11149
10956
10979
11225
11112
11238
18407
3730
11109
11009
11284
11081
11092
11188
11125
11134
10830
11171
11145
10995
11138
11261
11025
11182
11185
11039
11133
11123
11021
11000
11170
11185
11228
11040
11074
11212
11035
11090
11094
11179
10924
11394
11031
10813
11396
11141
10752
11256
11244
10981
11338
10891
11190
11256
10972
11183
10933
11231
11082
11249
11097
11009
11281
11138
10930
11106
10930
11166
11247
10984
11346
11078
11136
11046
10973
11143
10998
11275
11236
11034
11163
11070
11057
11122
11055
11087
11247
11164
10944
11252
11102
10826
11184
11185
11218
11221
10998
11006
11272
11077
10888
11342
11101
11037
11152
11182
11041
11161
11096
10824
11335
11164
10899
11323
10938
11219
11421
10843
11198
11009
10983
11274
11176
11087
10881
11336
11144
10888
11455
10829
11230
11243
10996
11016
11260
11062
11009
11088
11265
10841
11294
11203
10996
11224
11074
10995
11117
10943
11165
11258
11012
11246
11135
11179
10928
11135
10948
11329
10926
11345
11020
11181
10979
11072
11133
11091
11101
11216
11218
10922
11237
11083
11056
11112
11065
11140
11322
10921
10994
11330
11032
11047
11141
11112
11087
11282
11038
11014
11182
11009
11209
10990
11129
11088
11275
11026
11113
11184
11226
10875
11170
11039
11105
11209
11130
11053
11156
11132
19091
3046
11062
11134
11221
11155
11063
11148
11100
11005
11128
11120
11025
11373
11041
11081
11153
10907
11203
11156
11156
11008
11211
11119
11018
11160
11119
11051
11064
11244
10986
11228
11131
10791
11381
11186
10956
11181
10906
11286
10905
11423
10856
11325
11092
11012
11113
11116
11111
11356
10782
11225
11164
11170
11039
10996
11205
11161
11111
11063
11049
11212
11139
10801
11357
10907
11184
11131
11296
10959
11240
10891
11334
11065
10957
11036
11386
11085
10955
11228
11293
10926
11138
11057
11114
11284
10778
11186
11325
11077
11033
11114
11031
10969
11296
11048
11181
11196
11077
11021
11277
10851
11055
11452
11090
10976
11190
11093
11022
11115
11077
10962
11278
11195
11048
11182
10930
11162
11257
11067
11022
11272
11161
10964
11007
11328
11092
11013
11016
11079
11226
11319
10872
11242
11071
10893
11326
11077
11031
11218
11081
11261
10922
11249
11098
11061
10973
11174
11159
11167
11006
11216
11100
11091
11210
10981
10956
11219
11149
10994
11302
11132
11006
11153
11177
10834
11375
11058
11103
11164
11027
10863
11363
11130
11182
10960
11382
10809
11297
11153
10977
11107
11085
10946
11217
11317
10921
11056
11335
11009
11112
11116
10997
11295
11078
11027
11190
11218
10963
11206
10933
11022
18991
3365
10982
11348
10886
11292
11172
10942
10948
11258
11116
11061
11217
11336
10880
11158
11079
10945
11270
11068
11166
11186
11103
11003
11119
11225
10978
11325
10985
10994
11156
10995
11194
11134
11108
11115
11092
11260
10922
11247
11285
10830
11185
11088
10920
11222
11266
10994
11211
11231
10902
11253
10978
11108
11098
11153
11082
11313
10980
11059
11047
11144
11147
11043
11189
10962
11313
11004
11133
11163
11191
10968
11190
11136
10993
11184
11226
10937
11196
11043
11443
10664
11312
10993
11282
11187
10847
11180
11086
11093
10950
11303
10944
11335
11136
11028
11217
11002
11086
11179
11129
10987
11305
11048
11098
11097
11105
11036
11214
10979
11027
11192
11068
11032
11153
11266
11146
11219
11158
10867
11215
11073
11035
11215
11085
11061
11264
11095
11002
11144
11131
11168
11114
10964
11071
11118
11013
11147
11333
11075
11076
11190
11039
11039
11160
11123
11077
11234
11141
10968
11138
11079
11050
11158
11235
10957
11286
11015
11075
11189
11168
10983
10996
11597
11677
10051
11090
11022
11353
10907
10984
11279
11072
11141
11270
15816
7630
11209
9812
11068
11201
10975
11125
11197
10971
11214
10997
10989
11270
11221
10988
11155
11179
11126
11019
11144
11154
10957
11212
11225
11072
11064
18504
3582
11315
11129
10995
11137
11272
10824
11300
10942
11150
11252
11126
10991
11135
11240
10954
11053
11302
11052
11024
11231
11031
11124
11120
11052
11591
10790
11092
11237
10976
10999
11317
11030
10940
11256
11195
10966
11170
11106
11003
11044
11296
10823
11235
11325
10965
11177
10893
11291
11042
11459
10827
11138
11233
10763
11221
11248
10987
11235
11004
11105
11220
