71278
5864
4268
22563
8948
4002
20273
9139
3809
9161
11126
10930
11322
12566
9437
11203
11372
10734
11290
11067
10975
11219
11208
10767
24336
1749
7515
11265
11298
10609
11561
10998
10920
11210
11161
11035
11239
10787
11256
11281
10962
10973
11130
11293
10834
11399
10982
11059
11352
11188
10851
11115
11074
11198
11147
11035
11051
17647
4605
11261
10897
11093
11198
11227
11048
10985
11258
11192
10796
11128
11337
10930
11319
11056
11013
11547
10751
10842
11337
11161
10964
11918
10570
10976
18128
4067
10817
11317
11094
11281
11175
11076
10951
12111
10232
10998
11308
11063
11126
11013
11107
11004
11188
11396
10606
11303
11299
10915
11292
11015
10868
11137
11108
11011
11316
11403
10974
11155
10872
11262
11253
11019
10941
11274
11287
10880
11252
11000
10987
13960
9110
10231
11162
11133
11246
11092
11004
11111
11045
11810
10337
11398
11039
11074
11106
11925
10081
11251
11177
10936
11189
43690
4470
1976
5533
11143
11100
14250
7798
11055
11580
10911
11027
11028
11057
11202
11066
11279
10988
11135
11214
11120
11148
13101
8846
13799
8715
11423
11188
11016
10642
10939
11408
10771
11155
11377
11023
11213
11096
10980
11205
13305
8805
11112
11179
11025
13229
9123
11016
11245
19260
2675
11398
11195
10915
11159
10982
10953
11348
11140
10960
11206
11321
10800
11200
10999
11222
11211
11148
10948
12787
9452
11055
11336
11087
10992
11199
11221
10835
11171
10969
11067
11335
11114
10982
11146
11127
10950
11126
11298
11019
11368
11008
10987
11245
11175
11081
11119
11020
10995
11316
11106
10967
11164
12849
9344
13294
8804
11051
11301
11122
11001
11325
11033
11008
11159
11082
10979
11238
11196
10961
11203
11195
10943
11205
10977
11031
12945
11580
9031
11145
11130
10984
11208
10953
11097
11265
11036
11099
11246
11065
11059
11198
10955
10882
11347
11294
10934
11273
12975
9251
13242
8805
11048
11171
11331
10908
11241
11113
11010
11147
11107
11005
11219
11171
11010
11243
11061
10929
11307
10871
11265
13017
9390
10924
11105
11297
10803
11336
11055
10986
11282
11229
10852
11340
11108
11122
11024
10998
10953
11232
11310
11013
11174
11128
10935
12922
9426
10994
11167
11088
10976
11311
11158
11019
11140
11094
11069
11244
10905
11250
11164
11145
10941
11242
11055
10897
11215
13050
9064
11363
10901
11220
11185
10948
11116
11216
11023
11202
11193
11111
11075
11149
10961
11103
11182
11110
11058
11329
11047
11006
12758
9339
11129
11261
11138
11054
11026
11052
11079
11195
11223
18915
3286
11085
11121
11216
11062
11087
11175
10996
10983
11219
12858
9333
11177
11200
10991
11205
11166
10930
11265
11086
10941
11230
11018
10963
11308
13405
8779
11163
11171
10993
11291
11152
10997
12780
9426
10868
11383
10995
10994
11478
11070
10922
11162
10895
11095
11244
11133
11143
13768
8554
11065
10990
11272
10963
11238
11209
11019
11235
10966
11041
11288
10993
11021
11198
11280
10938
11342
10997
10978
11008
13966
8300
11467
10928
11068
11239
11064
10992
11294
10935
10979
11005
11298
11213
11153
11145
11058
11031
11131
10990
11200
11280
10984
11203
11039
11119
10938
11263
10994
11214
11058
10958
11415
11110
10887
11207
11141
11016
11273
11069
11031
11255
11087
11205
10753
11279
11025
11027
11216
11094
11113
11258
10970
11447
10872
11000
11165
11134
11038
11237
11128
11022
11209
11080
10914
11334
11164
10935
11037
11099
11009
11370
11126
10838
11199
11227
10924
11464
10978
11098
11108
11129
10947
11255
11070
11059
11235
11154
11012
11260
11070
11000
11179
10987
10994
11360
11090
11034
10971
11286
11031
11156
11112
11027
11256
11150
11064
11061
11115
11038
11067
11249
11039
11346
11119
10985
10979
11036
11052
11234
11368
10955
11159
11162
11019
10970
11256
11006
11261
11149
10940
18767
3409
11133
10946
11360
11036
11226
11226
11014
10934
11208
11085
11071
11219
11034
11145
11163
11011
11256
11153
10960
11105
11108
11072
10972
11309
11074
11314
11088
10990
11064
11121
11079
10982
11053
11224
11322
11227
10794
11201
11169
10975
11052
11147
11125
11227
11088
11129
11123
11148
10980
11203
11051
11047
11349
11110
10926
11266
10980
11047
11017
11079
11396
11148
11186
10967
11180
11111
11076
11127
10840
11269
11241
11131
11007
11091
11234
10730
11423
10943
11172
11074
11143
11050
11133
11233
11017
10991
11315
11069
11099
11343
10947
10994
11076
11117
11230
11056
11144
11160
11214
11029
10882
11338
11242
10767
11202
11043
11271
11142
11090
11149
11148
10994
11054
11033
11248
11232
11073
11040
11197
11120
10988
11195
11198
10930
11334
11036
11138
11002
10959
11049
11155
11234
11041
11178
11122
11096
11197
11187
10988
11074
11172
11097
11103
11160
11003
11306
11031
11052
10963
11201
11056
11285
11197
10918
11109
10923
11259
11167
11252
10990
11264
11045
11047
10925
11309
11034
11204
11015
11093
11258
11096
11021
10993
11303
11045
11134
11297
10704
11398
11101
11187
10871
11237
11012
11202
11047
11128
11250
11040
11042
11020
11236
11059
11119
11177
11057
11232
11130
11077
10906
18420
3838
11143
11203
10976
11249
11138
10923
11245
11095
10837
11372
10939
11123
11335
11195
10942
11266
11023
11054
11138
11137
11119
11008
11084
11010
11112
11325
11023
11149
11140
11079
11225
10868
11236
11160
11195
10906
11196
11030
10948
11355
11134
11129
10893
11357
10993
11246
11002
10957
11364
10964
11238
10884
11315
11011
11052
11151
11292
11147
11052
11031
11112
11160
11021
11285
10926
11124
11201
11122
11138
10883
11316
11014
11013
11208
11125
11092
11219
11039
15409
7110
10760
11156
11104
11074
11265
11126
10974
11005
11156
11173
11164
11122
11096
11025
11299
10991
10947
11334
11040
11161
10985
11135
11188
11074
11047
11183
11110
10998
11164
11032
11193
11233
11098
11067
11211
11090
11040
11169
11099
10803
11361
11103
11059
11192
11121
11000
11184
11144
11025
11284
11052
11052
11195
11020
11044
11124
11112
11096
11212
11129
11157
10859
11096
11005
11240
11167
11018
11381
11149
10955
11010
11278
11011
11191
11069
11189
11152
11015
11146
10967
11235
11052
11234
10981
11234
10905
11162
11038
11094
11342
11112
11132
11012
11055
11131
11263
10835
11289
10995
11175
11138
11208
10949
11309
11047
11017
11184
11008
11203
11126
11065
10866
11269
11107
11158
11053
11052
11248
11209
10950
18946
3194
11226
11123
11013
11067
11310
11177
10995
11072
11100
11405
10913
11158
11108
11071
11086
11079
11167
11199
11155
10993
10859
11370
11064
11111
11084
10876
11436
11184
10945
10991
11320
10754
11482
11099
10924
11180
11117
11154
10924
11092
11303
11182
11066
11082
10985
11418
11006
10911
11142
11204
11138
11040
11013
11171
10972
11371
10888
11389
11028
11139
11044
10865
11281
11289
11036
11114
11189
11012
11139
11096
10888
11110
11304
11059
11255
11096
10953
11037
11256
11063
11102
11093
11241
11079
10973
11035
11446
10823
11228
11191
11049
11043
11050
11203
11006
11152
11233
10894
11133
11153
11182
11056
11345
10978
11184
10999
10943
11238
11259
11053
11013
11317
10829
11313
11155
10963
11191
11211
11084
10895
11206
11110
11277
10900
11107
11236
11075
11146
11019
11235
11111
11077
11173
10876
11185
11076
11164
11222
11120
11079
11171
11180
10887
11164
11065
11078
11272
11158
11018
11067
11141
10939
11122
11343
11024
11002
11268
11043
11172
10925
11117
11126
11277
11112
10954
11241
10996
11222
11025
11029
11327
11201
10940
11171
11155
10982
11160
11223
10987
11092
11207
11113
10955
11356
11066
11131
11017
11007
11165
11225
11014
11098
11294
10950
11155
11061
10975
11251
11208
10845
18767
3625
11142
11151
10919
11030
11172
11091
11226
11179
11161
11046
11087
11058
11064
11167
11085
11155
11167
11109
11016
11186
11106
10999
10998
11338
11265
10981
10961
11262
10951
11220
11032
11307
11120
11023
11193
11104
11018
11457
10800
10872
11331
11029
11127
11214
11181
10966
11052
11214
11069
11087
11180
10979
11112
11089
11410
10979
11066
10991
11201
11099
11197
11055
11284
11023
11048
11064
11004
11209
10979
11224
11239
11209
10996
11139
10912
11009
11115
11396
11088
11104
11183
10997
11199
11011
11050
11188
11205
11050
11175
11057
11114
11100
11078
11058
11164
11216
11081
10962
11010
11291
10993
11193
10882
11397
11022
11208
10981
11266
11083
11153
11119
10886
11184
11315
11087
10902
11336
11032
11165
11025
11011
11170
11102
11026
11009
11214
11221
11165
11017
11077
11110
11168
11052
11224
10962
11166
11123
11113
11061
11203
10901
11378
11011
11079
11331
11093
10772
11226
11157
10965
11230
11115
11312
11094
11019
11065
11009
11147
11119
11182
11085
11184
11139
11181
11005
11008
11179
11132
10976
11066
11232
11008
11305
11078
11038
11187
11092
11124
11087
11277
10852
11251
11099
11025
11102
11146
11039
11079
11293
11069
11252
11029
10852
11305
11104
11034
11272
11074
11142
11079
19231
2836
11233
11062
11159
10983
11130
11164
11275
10931
11127
11335
10838
11187
11206
11118
11121
11071
11044
10966
11216
11140
11020
11023
11230
11250
11106
11039
11054
11163
11145
11115
11022
11218
11124
11164
11011
11032
11227
11174
11167
10880
11039
11061
11197
11048
11242
10944
11288
11140
11189
11089
10955
12855
9468
11077
11178
11092
11141
11122
11228
11267
10863
11014
11033
11186
11104
10882
11081
11299
11019
11333
11113
11061
11085
11121
11030
12726
9431
11470
10748
11299
11056
11134
11112
11035
11116
11277
11070
11111
11048
11068
11133
11223
10838
11167
11289
11153
11196
12655
9489
10983
11255
10936
11066
11249
11192
11112
11101
10910
11186
11158
11063
11056
11370
10992
10980
11287
10814
11263
11159
10997
11033
11205
11137
11225
11089
11028
11144
11003
11057
11197
11206
11094
11112
11157
11016
11052
11090
10951
11250
11242
11135
11211
11013
10901
11285
11125
10944
11197
11280
11179
11053
11092
11002
11046
11223
11009
11073
11240
11312
11043
11038
11005
11247
11100
10984
12614
9636
11310
11051
11002
11094
11096
11034
11076
11129
11327
11098
11145
11046
11062
11068
11260
10941
11152
11044
11025
11091
11399
10985
11115
11195
10957
11075
11159
11013
13578
8972
10779
11260
11128
18840
3366
11094
11269
11044
11114
11093
11188
11099
10857
11097
11150
11168
11264
11087
10821
11369
11168
10962
11242
11243
10886
11201
11065
11089
11184
11088
10983
11239
11310
10955
11105
11073
10849
11140
11071
11210
11250
11159
10985
11196
11035
11070
11112
11125
11076
11115
11256
11043
11173
11114
11035
11131
11265
11016
11026
11166
11035
11096
10973
11278
11115
11270
10871
11063
11196
11311
11027
11084
11065
11153
11160
11032
11095
11155
11156
11231
11026
11063
11099
11116
11102
10924
11161
11030
11305
11174
11043
12402
9854
11025
11001
11270
11210
11084
11070
11072
11173
11136
10996
11212
11176
11016
11211
10982
10938
11176
11048
11170
11274
11049
10974
11400
10986
10914
11292
11141
10994
11300
11076
11034
11215
11023
11121
11133
11127
11007
11080
11159
11062
11024
11142
11173
11181
11084
11049
11144
11118
11295
11305
10904
11023
11075
11164
10999
11098
11110
11320
11062
11055
11080
11113
11187
10822
11143
11176
11515
10883
11097
11054
11083
11183
11039
11104
11131
11089
11243
10987
11053
11188
11106
11026
10984
11262
11135
11183
10941
10997
11201
11148
10942
11330
11198
11029
11201
10867
11294
11120
11154
10992
11036
11282
11060
11053
11159
11138
11173
11180
11041
11276
10817
11331
18432
3701
11041
11210
11084
10996
11204
11202
11022
11154
11121
11102
11086
11100
11007
11045
11307
11051
11215
11080
11114
11179
11035
10819
11202
11142
11108
11280
11117
10888
11308
11066
11062
11113
11283
10968
11180
11028
11293
11025
11037
11031
11170
11019
11323
11173
10836
11274
11125
11076
11005
11202
11077
11096
11210
11124
10997
11155
11092
11075
11084
11090
11138
11068
11285
11004
11165
11205
11023
11021
11009
11219
11032
11219
11279
11013
11074
11071
11119
11197
11066
11192
11088
11067
10924
11270
11085
11139
11248
11054
11144
11150
11062
11158
10998
11041
10999
11112
11206
11196
11046
11131
11173
11136
10918
11214
11080
10905
11480
10989
11097
11154
11136
10989
11164
11062
11215
11223
11025
10834
11335
11125
11056
11163
11006
11149
11242
11070
11071
11163
10861
11260
11232
10983
11035
11302
11114
11066
11142
11085
11103
10995
11186
10995
11089
11385
10956
11121
11150
11067
10997
11237
11142
11075
11194
11012
11153
11186
10987
11128
13373
9146
11002
11148
11013
11140
11021
11028
11026
11090
11125
11278
11114
10999
11118
11202
10789
11412
11023
11108
11313
11051
10964
11243
11100
11030
11170
11039
11211
11154
10824
11254
11217
11058
11047
11169
11005
11239
11255
10897
11114
11250
19155
2720
11253
11086
11323
11151
11066
11020
11203
11140
11036
11166
10859
11141
11229
11120
11040
11151
11194
11036
11153
11058
11048
11127
11255
11002
11261
11134
10805
11124
11313
11030
11237
11140
11128
11108
11026
10861
11215
11058
11087
11309
11087
11112
11240
11036
11013
10994
11093
11188
11250
11102
10897
11420
11046
10986
11061
11092
11228
11179
11079
10893
11242
11251
10930
11241
11120
11079
11074
11061
11258
11150
11138
10996
11086
10969
11072
11325
11128
11035
11208
11085
11082
11154
11023
10966
11204
11127
11159
11189
11099
11209
10969
11063
11005
11377
10862
11190
11081
11338
11025
11069
11188
10991
11316
11002
11129
11202
10940
11221
10986
11116
11104
11146
11160
11033
11075
11038
11209
11178
11083
11043
11245
10977
11133
11232
10961
11076
11241
10999
11296
11197
10757
11040
11210
11080
11184
11010
11269
11102
11255
11032
11125
11153
10864
11233
11180
11295
10890
11218
11006
11088
11178
11142
10964
11253
11095
10968
11035
11261
11084
11219
11021
11116
11109
11113
11032
11169
11177
11054
11098
11132
11027
11157
11400
10805
11104
11257
11031
11170
11033
11071
11046
11098
11067
11203
11290
11024
11201
10992
11144
11135
11133
11047
11225
11079
11015
11306
10994
10975
11227
11104
18823
3371
10922
11117
11045
11176
11241
11279
11023
11056
11130
11001
11173
11314
10951
11073
11189
11058
11096
11192
10896
11281
11166
11060
11034
11269
11018
11255
10825
11170
11125
11245
11156
10923
11251
11153
10991
11116
11241
11067
11144
11123
10925
11179
10980
11177
11034
11286
10882
11468
10939
10877
11190
11313
10923
11097
11245
11065
11234
11032
11000
11265
11835
10263
11131
11267
11011
11174
11130
10975
11190
11101
11123
11279
10866
10977
11188
10991
11206
11266
11083
11029
11094
11018
11264
11182
11089
11094
11113
11007
11201
11207
11102
11029
11189
11100
10879
11423
10994
11106
11132
11226
10910
11304
11135
10984
11134
11194
10973
10997
11312
11103
11090
11089
11059
11217
11025
11109
11031
11259
11009
11313
11065
10794
11235
11059
11075
11161
11357
10990
11219
11118
10874
11084
11278
10984
11189
11067
11161
11157
11105
11070
11123
11176
11027
11139
11063
11105
11188
11115
11105
11213
10989
11000
11177
11029
11074
11191
11093
11034
12029
10362
11030
11163
11032
11093
11255
11075
11104
11035
11175
11060
11119
10992
11142
11529
10833
11068
11074
11204
11035
11179
11910
10310
11181
11075
10989
11064
11245
11044
11100
11297
11043
11158
11091
10765
11301
11065
11071
11291
11235
11046
18513
3705
10868
11961
10424
11065
11168
11067
11206
11121
11110
10721
11480
11041
11081
11125
11128
10924
11182
11089
11030
11196
11300
11084
11091
11125
11002
11290
11087
11085
11154
11097
11042
11102
11072
11272
11120
10987
11381
11111
11282
10579
11035
11084
11179
11319
11098
11044
11224
11073
11017
11083
11104
11221
11192
11089
11037
11150
11078
11062
11165
11161
11165
11152
10974
10754
11318
11042
11121
11282
11142
10971
11309
11094
10935
11203
11120
11037
11005
11150
11334
11052
11145
10924
11243
11222
10956
11202
11035
10941
11230
10942
11207
11237
11082
11001
11085
11158
11181
11188
11142
10982
11261
11044
11036
11163
11023
11133
11216
11135
10966
11308
11020
11063
10971
11033
11142
11321
11231
10794
11326
11165
10985
11141
11055
11044
11326
11165
10943
11070
11195
11094
11057
11286
11319
11231
10930
10690
11185
11052
11004
11351
10939
11291
11163
11212
10928
11213
11103
11048
11136
10944
11123
11231
11133
11016
11318
11035
11107
11107
10877
11238
11300
11144
10727
11194
11066
11142
11265
10912
11076
11361
11088
11013
11258
11139
10945
11202
11114
11014
11170
11003
11095
11196
11235
11013
10991
11142
11107
11194
11237
11000
11003
11375
10957
11063
11176
11176
11110
11161
10950
11211
19146
2954
11182
11085
11037
11265
11413
10736
11218
11034
11174
11022
11122
11160
11171
11107
11067
11216
11008
11096
11162
11011
11079
11349
11020
10986
11176
10932
11309
11143
11035
11000
11350
11058
10866
11378
11034
11028
11191
11074
11053
11301
11064
11069
11154
11152
11007
11147
11027
11037
11150
11372
10943
11212
11102
11077
10928
11070
11046
11302
11223
10909
11129
11286
10970
11121
11125
11057
11243
11079
11043
11241
11060
11004
11153
11088
11010
11387
11027
11065
10911
11360
11098
11083
11094
11035
11744
10557
11106
11207
11058
11120
11104
11028
11188
11242
11059
10945
11333
11066
10992
11118
11121
10844
11199
11327
10984
11063
11356
10990
11123
11073
11118
11191
11025
11091
11265
11098
10999
11160
11075
11053
11267
11015
10993
11255
11135
11041
11019
11093
11034
11185
11191
11099
11239
10903
11280
11142
11048
10999
11244
11102
11052
11062
11294
10907
11214
11003
11213
11191
11138
10811
11187
11081
11062
11101
11308
11051
11043
11373
10919
11197
11136
11000
11185
11083
11089
11229
11129
10952
11207
11123
11050
11210
11113
10951
11157
11018
11091
11145
11204
10913
11341
11121
11039
11095
11738
10355
11286
11236
10988
11161
10921
11212
11162
11111
11007
11347
11063
11000
11191
11100
18703
3343
11180
11010
11140
11352
11033
11151
11041
11005
11225
11322
10938
11146
11153
11266
10903
11014
11099
11458
10900
10914
11220
11155
11072
11123
10959
11116
11242
11052
11031
11335
11064
10975
11018
11264
11051
11159
11202
10866
11262
11188
10995
11162
10907
11172
11235
11191
10923
11237
11189
11065
11141
11033
11061
11263
11031
11062
11279
10998
11028
11197
11080
10998
11166
11120
11224
11111
11032
11125
10929
11110
11045
11357
11270
10863
11256
11100
11108
11124
10883
11251
11068
11221
10903
11345
11136
10990
11172
11179
10959
11049
11295
10851
11421
11087
11014
11141
11121
11005
11160
11140
10951
11258
11118
11294
10981
11045
10961
11266
11173
10921
11273
11191
10927
11218
11155
10983
11210
11031
10959
11315
11208
11015
11134
11172
10929
11188
11006
11156
11221
11074
11129
11368
10804
10904
11334
11318
10824
11232
11237
10982
10908
11092
11072
11191
11291
10980
11385
10973
10991
11224
11100
10986
11143
11154
11084
11178
11058
10980
11261
11126
11012
11264
11000
11001
11250
11198
11092
11086
11012
11082
11283
11000
11070
11299
11101
11024
11199
10994
11026
11252
10996
11113
11253
11206
10979
11095
11175
11037
11133
10994
11023
11327
11282
10852
11208
11262
11231
10846
10970
10977
18748
3622
11095
11210
11147
11040
11176
11040
10916
11372
11050
10982
11356
11036
10959
11152
11068
11216
11040
11273
11122
11119
11099
11005
11124
11224
10911
11288
11199
11002
11110
11092
11059
11084
11303
11018
11012
11390
10998
11094
11065
11072
11346
10981
11053
11120
11150
11146
11099
11051
10957
11238
11034
11173
11217
11079
11060
11081
11156
11006
11221
11022
10861
11330
11192
11053
11321
10888
11031
11127
10970
11191
11268
11122
11028
11062
11215
10927
11295
11121
10850
11403
11231
10902
11052
11050
11050
11391
10902
11041
11251
11240
11043
11203
11115
10964
11141
11049
11124
11297
10948
11109
11140
11287
10899
11226
11003
10930
11260
11363
10918
11224
11189
11017
11407
10618
11066
11269
11313
10941
11147
11182
10966
11221
11094
10911
11151
11476
10819
11241
10966
11153
11069
10992
11135
11121
11379
11094
11089
10790
11186
11381
11054
10855
11414
11098
10963
11181
11122
11089
11412
10836
11532
10686
11231
10948
10978
11119
10987
11305
11061
11076
11326
11127
11081
11071
11188
11074
11040
11124
11057
11179
11041
11124
11124
11173
10978
11328
11118
10765
11272
11044
11218
11181
11127
10986
11165
11132
10934
11351
11050
10906
11363
11031
11083
11246
10962
11144
11249
11120
11023
11375
18848
2880
11264
10941
11149
11195
11212
11005
11145
11270
10979
11257
10982
10871
11285
11285
10982
10987
11329
11035
11094
11253
10858
11145
11303
10944
11270
10911
10990
11404
11067
11072
11076
11274
11000
11203
11113
11027
11152
11012
11028
11200
11294
10865
11203
11105
11022
11245
11081
10845
11232
11160
11120
11252
10909
11222
11175
11108
10843
11256
11162
11072
11190
11138
11024
11197
10969
10972
11357
11240
10917
11227
11207
10989
11094
10975
11049
11160
11218
11158
10955
11337
11059
11156
10908
11135
11350
11131
11067
11080
11117
11041
11104
11101
10995
11298
11067
11035
10989
11108
11080
11188
11175
10802
11354
11629
10722
11171
11136
10975
11202
11074
11056
11103
11165
11189
11083
11173
10929
11258
11042
10981
11176
11172
11086
11152
10890
11251
11194
11186
10732
11319
11148
11207
11093
11106
11075
10969
11214
10911
11516
10918
11185
11190
11138
10849
11224
11004
10935
11338
11156
11078
11140
11116
11020
11248
11081
10967
11061
11358
10976
11149
11164
11127
11099
11113
10939
11357
11040
11045
11160
10954
11251
11155
11110
10984
11126
11121
11161
11181
11059
11159
11107
11031
13273
9420
10650
10982
11245
11116
11087
11424
10756
11188
11020
11098
11071
11244
11162
11099
11157
11067
18647
3415
11043
11257
11211
11081
11012
11205
11084
10940
11221
11072
11048
11292
11221
10802
11313
10952
11022
11152
11153
11241
11134
11123
11027
11037
11258
10972
11266
11113
11053
11147
11111
11047
11100
11167
10844
11364
11159
11032
11162
10988
11024
11377
10878
11246
11201
11112
10852
11251
11188
11048
11185
11110
10971
11195
11163
11050
11177
11192
11090
11070
11187
10785
11418
11031
10943
11231
11014
11199
11184
10928
11065
11302
11062
11095
11280
11086
11090
11146
11163
10868
11201
11073
11174
11129
11138
10969
11129
11263
10797
11260
11290
10972
11139
11274
10899
11223
11123
10940
11170
11183
11054
11099
11198
11083
11117
11084
10922
11130
11211
11135
11084
11034
11080
11196
11113
11091
11257
11098
10966
11236
11163
11040
11129
11070
10893
11310
11052
11077
11101
11368
10984
11137
11077
10911
11201
11148
10895
11202
11222
11179
11176
11099
10991
11198
11064
10962
11179
11071
11114
11181
10982
11090
11154
11245
11042
11089
11235
11147
11136
11107
10783
11299
11144
11106
11043
11281
11086
10937
11212
11072
11073
11241
11010
11246
11110
11081
11068
11177
11020
11146
11243
11021
11064
11088
10969
11363
11108
10959
11055
11248
11069
11173
11100
10953
11377
10994
10931
11273
11105
11057
19618
2557
11170
11238
11158
11048
10999
11136
11023
11066
11262
11070
11143
11133
10967
11262
11132
10971
11282
11151
10955
11176
11092
11295
10978
11085
11043
11103
11299
11063
11090
10826
11097
11244
11047
11178
11215
11204
10951
11228
10946
11221
11079
10959
11200
11201
11215
10998
11001
11241
11095
11113
11076
11170
10953
11151
11023
11071
11308
10955
11269
11091
10992
11251
11146
11016
11204
11092
10998
11144
11130
10953
11374
11048
10967
11414
10991
11016
11076
11055
11074
11213
11135
11114
11235
11078
11011
11190
11088
11049
11265
11129
11014
11156
10937
11172
11168
11020
11162
11142
11148
11144
11138
10981
10921
11267
11062
11153
11270
11093
11072
11170
11104
10838
11281
10998
11145
11272
11138
10931
11295
11238
10830
11141
11193
10991
11051
11163
10997
11353
11084
11087
11110
11102
11141
11005
11144
11129
11151
11148
11018
11145
11061
11076
11190
11021
11074
11135
11124
11294
11201
11801
10193
11084
11131
11054
11356
13544
8643
11001
11118
10907
20762
4674
8032
11241
11048
11555
10635
11100
11122
11133
11183
11175
11123
11014
11040
11252
11050
11058
11175
11092
10931
11361
10953
11133
11181
11087
10990
11144
11302
11083
11041
11129
11064
11197
11150
11170
11016
10982
11157
11014
19276
2879
11171
11254
11044
11222
11099
11107
11104
11008
11199
11086
11152
11067
11229
11092
11019
11286
10990
11138
11110
11024
10912
11264
11270
11139
11179
11055
10752
11269
11141
10978
11039
11355
10929
11391
10997
10901
11340
11077
11015
11260
11093
11218
11152
11232
10777
11135
11175
11003
