42054
6866
4706
22550
9651
3834
19824
8898
4228
8922
11278
10998
11227
10996
11079
11416
11058
10989
11143
12608
9475
11182
10925
11154
11458
11151
10832
11195
11010
10938
11227
11118
11059
11420
11054
10973
11254
11068
10847
11211
11044
11154
11152
11217
10937
11331
11087
10981
11075
11247
10958
11284
10872
11007
11539
11149
10986
11109
10904
11153
11277
11132
10971
11168
11185
10977
11241
10975
11196
11066
11106
10962
11329
11351
10737
11178
11403
10480
11478
11116
11025
11201
11097
11002
11123
11118
11028
11475
10984
11033
11160
11153
10945
11188
10945
11089
11327
11229
10772
11521
10897
11006
11207
11015
10974
11279
11139
11055
11270
11172
10705
11341
11126
11123
11105
10962
11234
11224
11104
10937
11160
10991
11012
11344
11336
10653
11589
10917
10996
11254
11011
11182
11128
11388
10807
11215
11049
11047
11160
11040
10959
11307
11023
11158
11197
11128
11017
11075
11089
10925
11283
11200
10998
11267
11099
10985
11161
11035
11132
11255
10964
11135
11142
11258
10890
11242
10965
11170
11222
11167
11178
10938
10937
11078
11153
11108
11131
11181
11291
11000
10935
11335
11063
11074
11078
11042
11284
12611
9552
11020
11217
11024
11175
11094
11153
11008
11100
10971
11131
11407
18609
3402
11095
11306
11057
11648
10665
11003
11417
11414
10498
10888
11291
11242
10956
11341
10921
11180
11178
10983
11033
11053
11240
11079
11161
11053
11189
11014
11274
10952
11101
11336
10854
11319
11090
11019
11169
11090
10980
11066
11189
11126
11083
11210
11434
10769
11118
10898
11400
10930
11088
11238
11323
10932
11193
10808
11270
11009
11205
11079
11253
11051
11115
11171
11048
11056
11066
11043
11240
11027
11279
11124
11075
11070
11075
11048
11259
10953
11243
11229
10930
11113
11209
10994
11074
11117
11162
11061
11259
11233
11023
11019
11017
11024
11179
11157
11240
11089
11046
11274
11114
10952
10987
11329
11008
11323
11022
11042
11137
11093
10722
11341
11264
11012
11188
11263
10713
11355
10929
11274
11100
11107
11030
11160
11121
11128
11204
11090
10964
11227
10975
11096
11245
11085
11135
11184
11085
10998
11181
11089
11064
11166
11351
10804
11227
11082
10977
11279
11259
10927
11005
11453
10813
11201
11077
11076
11223
10943
11089
11253
11118
11219
11044
10955
10999
11203
11079
11131
11167
11188
11160
11255
10980
10982
11211
11842
10188
11907
10543
11003
11225
10916
11100
11565
10550
11266
11161
11166
10865
11323
10875
11132
11255
11164
11028
13621
9017
10692
11231
11123
11016
11246
19156
2830
11110
11324
11046
11164
11081
10942
11108
11099
11099
11184
11280
11072
11112
11120
10948
11182
11128
11022
11234
11140
11112
11135
11051
11090
11238
10900
11041
11286
11110
11148
11204
11267
10772
11016
11271
10966
11271
11092
11089
11257
11009
10995
11139
11009
11103
11153
11314
10929
11293
11071
10992
11150
11188
10884
11240
11162
11086
11043
11195
10985
11168
11103
11100
11160
11233
11042
11095
11187
10971
11578
10699
11087
11204
11118
11024
11227
11125
11021
11153
11311
10754
11155
11103
11135
11223
11036
11020
11137
10937
11093
11321
11134
11090
11272
12782
9238
11231
10974
11143
11153
11045
11121
11371
10852
11066
11040
11126
11045
11186
11383
10913
11274
11068
10971
12092
10252
11046
11101
11378
10738
11364
11015
11057
11057
11101
11307
11031
11201
10832
12856
9841
10837
11215
10921
10993
11347
11203
10953
11276
11078
10949
11212
10970
10993
11257
11183
10893
11370
11179
10994
11153
11089
10901
11280
11094
11171
11141
11012
11132
11183
10982
11035
11275
11171
11092
11171
11087
11037
11186
11027
10958
11292
11191
11013
11221
11139
10935
10892
11325
10946
11334
12027
10062
11282
11154
10953
11108
11166
10883
11152
11375
10946
11308
11047
10977
11188
11156
11099
11167
11077
18774
3528
10770
11235
12023
10380
11044
10985
11218
11031
11275
11090
10992
11132
11098
10913
11405
11086
11025
11291
11027
11018
11180
11016
11099
11117
12261
9892
11358
11089
11035
11179
11029
11109
11010
11258
11027
11211
11036
11049
11159
11171
10806
11276
11243
11002
11198
11112
10797
12019
10351
11016
11325
11205
10945
11214
11187
11042
11146
11070
11100
11206
11114
11016
11195
11068
11042
11165
11097
10843
11459
11187
10788
11208
11070
11180
11169
11099
11011
11132
11235
11044
11198
11071
11009
11176
11910
10194
11072
11234
11157
11195
11090
11017
11108
11084
11069
11042
11220
11076
11369
11093
10901
11225
11044
10951
11216
11183
11054
12092
13029
8504
10867
11074
11036
11243
11060
11160
11180
10976
11094
11014
11125
10954
11140
11410
11079
11083
11196
11002
11185
11096
11037
11150
11152
11054
11204
11078
11026
11140
11137
10946
11149
11249
10917
11167
11259
11038
11163
11067
11009
11149
11308
10941
11206
11052
10997
11188
11171
10883
11219
11239
11108
11097
11085
11083
11199
11051
11005
11089
11220
10987
11378
11022
11045
11164
11088
11131
10986
11206
11107
11255
11062
11049
11210
11009
11092
10916
11455
10847
11346
11066
10831
11154
11261
10917
11111
12192
10259
11243
10999
11033
18646
3670
10930
11198
11192
10941
11342
11081
11101
11094
11147
11008
10998
11263
10933
11205
11062
11049
11869
10433
11186
11064
11156
11075
11136
11115
11086
11184
11147
10923
11115
11252
11006
11325
11111
10997
11135
10997
11171
11084
11055
11127
11166
11225
11036
11214
11054
11034
11020
11188
11096
11265
11104
11043
11149
11126
11077
10927
11159
11238
11282
10979
11022
11198
10919
11074
11147
11273
11031
11280
10963
11121
11135
11123
11046
11049
11287
11080
11135
11037
11073
11190
11073
10878
11275
11230
10861
11186
11054
11275
11200
11099
11163
11075
10968
11081
11322
10956
10954
11414
11024
11121
11055
11199
11043
11242
10968
11103
11192
11127
10992
11158
11011
10970
11357
11207
11039
11130
11122
10960
11160
11267
11033
11212
11083
10939
11263
11076
11004
11014
11213
11176
11294
11135
10867
11180
10869
11072
11267
11263
11143
11467
10751
10961
11194
11161
11010
11080
11101
11126
11159
11275
10919
11179
11096
11052
11242
11088
10938
11156
11058
11292
11038
11120
11042
11161
11093
10800
11570
11061
10982
11172
11123
11027
11132
11153
11173
11075
11160
11006
11231
11137
10951
11160
10887
11159
11381
11132
10939
11202
11422
10745
11073
11109
11099
11271
11133
10969
11116
11165
11024
11226
19113
3001
11172
11154
11016
11182
11044
10728
11378
10975
11388
11292
11096
10907
11208
11098
11028
11178
11062
11144
11235
11008
10991
11287
11073
11039
11415
10862
10973
11130
11096
10939
11689
10757
11033
11180
11145
11097
11222
11122
10916
11227
11085
11294
10942
11025
11157
11161
11139
11063
11449
10875
10975
11163
10772
11231
11277
11266
10861
11251
11118
11004
11151
11090
11096
11287
11043
10992
11231
11142
11007
11126
11115
11085
11204
11467
10757
10968
11390
10716
11308
10997
11085
11311
11139
11016
11220
11143
10951
11146
11140
10995
11139
11114
11165
11164
11085
10831
11921
10632
10892
11491
10746
11040
11364
10961
11209
11053
11124
10939
11386
11072
11061
11007
11255
10998
11197
11030
11097
11289
11063
11003
11285
11208
10914
11124
10874
11071
11343
11041
11176
11229
11013
10983
11189
11146
11008
11207
11115
11100
11232
11087
10977
11065
11179
11099
11444
10976
10906
11291
10885
10951
11344
11015
11020
11386
11041
11081
11082
11258
11036
11170
11126
10852
11306
11147
11079
11169
11216
11000
11153
10954
11014
11169
11090
10930
11386
11201
10999
11149
11301
10723
11225
11247
11067
11173
11086
11002
11165
11121
11044
11189
10985
10973
11336
11173
11009
11117
11026
11005
11275
11131
18792
3753
10851
11052
11120
11181
10871
11354
10985
11147
11273
11097
11019
11136
11135
10928
11357
10910
11121
11224
11059
11094
11200
11054
10898
11291
11237
10884
11191
11272
10826
11141
11235
10944
11361
11012
11062
11122
11176
11164
10833
11438
10809
11316
11082
10931
11379
10940
11242
11115
11190
10967
11330
11060
10904
11123
11162
10997
11191
11183
11040
11190
11195
11022
11098
11069
10991
11084
11252
10880
11247
11148
11180
11206
11033
10922
11255
11358
10662
11370
11099
11014
11245
11239
10948
11158
11062
10887
11165
11228
11172
10970
11105
11036
11345
11094
11013
11170
11087
11013
11485
10854
11092
11118
11151
10989
11157
11180
10994
11256
11180
10988
11108
11019
10933
11413
10987
11037
11313
11143
10885
11403
11022
10991
11037
11133
11181
11143
11156
11024
11229
11159
10936
11084
11146
11072
11415
11008
11029
11205
11039
10885
11378
11004
11147
11157
11134
11012
11166
11097
11044
11169
11134
10940
11271
11117
10996
11207
11098
11043
11223
11168
10910
11324
10891
11177
11211
11032
11052
11180
11245
11008
11135
11011
11115
11175
11104
11050
11126
11037
11148
11235
11198
10981
11183
11080
10992
11128
10934
11295
11168
11365
10879
11092
11117
11039
11078
11133
11013
11257
11450
10741
18550
3704
10959
11210
11186
11044
11218
11010
11158
11105
10984
11068
11287
11110
11057
11131
11220
10923
11185
11093
11061
11131
11154
11106
11181
11067
11037
11208
11130
11022
11017
11296
11102
10923
11167
11221
11045
11188
11046
11213
11076
11023
11253
11072
11035
11128
11124
11085
11031
11136
11254
11095
11198
10917
11231
11163
10949
11159
10976
11237
11170
11131
11043
11168
11093
11059
11108
11007
11278
11121
11213
10904
11180
11153
11044
11064
11175
11119
11202
10996
11089
11200
11073
10968
11268
11122
11122
11213
11088
10980
11167
11143
10980
11147
11131
11005
11314
11024
10874
11295
11001
11226
11230
10980
11045
11076
11206
10909
11209
11304
11012
11144
11169
11107
11146
11099
11081
11115
11130
11002
11171
11076
11071
11195
11193
11063
11092
11157
11074
11122
10900
11105
11257
11154
11114
10960
11262
11069
11136
11032
11145
11088
11168
10842
11350
11141
11004
11123
11040
11254
11117
11327
10961
10872
11083
11123
11081
11270
11204
11137
11188
10954
11183
11087
11051
11174
10874
11266
11161
11165
11011
11208
11141
11027
11247
10918
11148
11016
11313
10928
11234
11159
11049
11106
11041
11071
11214
11167
10960
11075
11234
10967
11183
11110
10956
11226
11516
10770
11276
11047
11021
11123
19128
2965
11109
11264
11066
11320
10802
11207
11128
11137
10846
11449
11000
11045
11122
11235
11056
11255
10974
10895
11421
11094
11037
11158
11079
10865
11295
10927
11077
11291
11227
11057
10963
11371
10847
11295
11059
10939
11493
10917
11071
11175
10969
11242
11100
11161
10928
11099
11084
11103
11313
11136
11090
11179
10895
11124
11199
11193
10949
11197
11299
10943
11242
10987
11011
11111
11343
10943
11196
11135
11064
11167
11003
11065
11097
11273
11036
11027
11274
11001
11181
11017
10904
11247
11429
10878
11162
11204
10896
11246
11084
11033
11146
11296
11042
11049
11237
11032
11096
11066
11113
10971
11269
11061
11147
11169
10964
11175
11090
11081
11209
11043
11062
11306
11084
11015
11177
11078
10999
11129
11131
10934
11311
11170
10987
11262
11018
10916
11223
11110
11137
11229
11181
11003
11174
11194
10957
11020
11163
11137
11255
11097
10881
11131
11212
10952
11164
11108
11189
11140
11112
11117
11068
11014
10962
11431
11228
10909
11272
10994
11131
11098
11069
10898
11520
11412
10629
11015
11289
10990
11119
11151
11020
11099
11153
11067
11320
11038
10999
11127
11118
11080
10973
11305
11181
11180
11110
11014
11048
11188
11006
11069
11263
10932
11223
11218
11059
11099
11091
11065
11014
11205
18815
3561
10994
11088
11229
10994
11097
11198
11044
11198
10987
11223
11090
11150
11093
10866
11175
11133
11048
11173
11234
11050
11071
11244
11012
11246
11136
10953
11038
11358
10956
11144
11121
11021
11429
11083
11247
10658
11131
11036
11200
11177
11063
11256
11029
11147
11083
11164
10951
11214
11079
11080
11163
11525
10726
11151
11040
11107
11197
11004
11110
11155
11294
10744
11127
11412
10912
11155
11091
11172
11278
10952
11070
11176
11147
11016
11097
11208
10990
10962
11362
11051
11458
11130
11003
10906
11053
10925
11168
11139
11197
11095
11164
11081
11160
11018
10985
11155
11159
11101
11298
10918
11128
11260
11016
10959
11322
11512
10887
10725
11164
10976
11220
11081
11193
11296
11067
10943
11236
10951
11221
11204
11063
11019
11249
10986
11125
11042
11166
11166
11100
11162
11084
11120
11074
10957
11150
11265
11131
11167
11001
11060
11135
11269
10925
11211
11107
11111
11139
11052
11100
11064
11277
11003
11194
11398
11058
10653
11241
10985
11122
11103
11029
11345
11155
11022
11167
11456
11355
10436
11218
11038
11119
11168
11063
11111
11075
11085
11052
25110
2975
6283
10055
12232
9959
11185
11144
11170
11120
10961
11259
11194
11054
11137
11173
10936
11165
11066
11168
11152
11122
10888
18593
3946
10943
11088
11127
11070
11141
11266
11004
11139
11230
10893
11124
11245
10960
11098
11234
11082
11125
11036
11118
11096
11188
11055
11367
10933
11076
11022
11212
11043
11181
11107
11133
11089
11206
11074
11163
11049
11057
11043
11201
11021
11212
11088
11049
11188
11137
11002
11108
11150
11033
11128
11250
10860
11112
11425
10712
11310
11265
10959
11269
11147
11027
11082
11108
10993
11139
