44616
5559
2773
27893
22276
10914
11136
11253
10751
11189
11287
10922
11231
11086
10854
11467
12846
9263
11247
11152
10959
11211
11085
10756
11454
11257
10885
11275
11050
10770
11371
11091
11018
11176
11167
10961
11312
11211
10917
11443
10886
10809
11353
11296
10767
11314
11113
10943
11141
11338
10712
11236
11265
10791
11147
11398
10961
11167
11204
10936
11138
11277
10902
11116
11193
10948
11283
11027
11248
10946
11443
10865
11161
11009
11126
11054
11015
11018
11273
11070
11100
11350
10903
11112
11222
11028
11166
11235
11263
10915
11123
11163
11092
11182
11070
10951
11208
11225
11051
11068
11036
10962
11139
11183
10956
11242
11202
11168
10881
11098
11057
11305
11091
10982
11243
11101
10979
11403
10951
11123
11162
11090
11075
10933
11210
11012
11370
10923
11289
11184
11092
10834
11144
11152
11158
11298
11330
10782
11214
11059
10902
11275
11151
11132
11470
10840
10961
11441
10786
10909
11151
13242
9112
11084
11197
11069
11120
11095
11199
11238
10941
10950
11321
11539
10620
11065
11024
11106
11068
11110
10974
11787
10544
11024
11152
11163
11021
11254
11139
11053
11106
11359
10974
11192
11016
11157
11157
10985
11056
11233
11175
11035
11145
11083
11077
11039
11103
11025
11358
11172
18589
3492
10978
11082
11148
11204
11092
11207
11136
10815
11405
11039
11115
10988
11284
10977
11253
11103
11113
11167
11010
10872
11300
11064
11059
11349
11072
11068
11146
11096
10927
11175
11119
11117
11244
11211
10989
11098
10910
11249
11004
11293
11044
11100
11169
11073
10952
11150
11283
11071
11085
11176
11165
10994
11181
11108
11076
11031
11126
11048
11167
11255
10928
11155
11224
11067
10930
11256
11049
11000
11255
11218
11027
11187
11099
11011
11172
11185
10925
11271
11203
10942
11190
11059
11059
11127
11059
10963
11299
11160
11187
11129
10874
11007
11191
11106
11197
11241
11209
11020
11148
11012
11048
11040
11221
11049
11215
11085
11078
11186
11019
11050
10991
11373
10855
11380
11056
10937
11311
11158
11007
11200
11141
10960
11192
11115
11171
11172
11042
10994
11001
11206
11085
11198
11174
11044
11130
11101
11229
10862
11096
11185
11276
11090
10958
11243
11026
11051
11063
11105
11152
11145
11216
10994
11217
11155
11044
11088
10988
11149
11244
11282
11011
11163
11035
10834
11094
11195
11110
11292
11148
11025
11171
11076
11067
11138
11120
10977
11203
11114
11232
11158
11059
10852
11312
11140
10914
11253
10978
11324
11059
11102
11038
11232
10984
11009
11348
11215
10889
11231
11115
11009
19401
2659
11084
11268
11178
11081
11134
11126
10973
11110
11135
11094
11361
11048
11165
11101
10977
11089
11184
11094
10976
11285
10933
11260
11114
11089
10897
11184
11279
10930
11216
11198
10933
11281
11061
10952
11437
10971
10847
11305
11163
10927
11268
11121
11000
11095
11282
10892
11401
11022
11057
11218
11051
11023
11180
11053
11118
11252
10923
10975
11130
11101
11115
11269
11115
11074
11238
11054
11049
11188
11071
11079
11167
11114
10975
11323
11049
11063
11190
11042
11113
11183
11031
11075
11007
11321
10978
11245
11118
10977
11152
11182
11170
11106
10985
11147
10954
11284
10997
12152
10149
10996
11306
11526
10743
11155
11028
10859
12566
9669
11156
11200
11477
10741
11187
11089
11256
10995
11084
10879
11253
11161
11247
11052
11100
11011
11303
11007
11065
11324
10923
10895
11217
11047
11223
11206
10906
11217
11790
10554
10993
11253
11091
10829
11359
11114
10989
11278
11155
10817
11322
10824
11171
11382
10973
11042
11110
11248
10985
11182
11165
11083
11131
10980
11174
11243
11101
11016
11203
11104
11014
11311
10949
11010
11072
12185
10111
11260
11595
10317
11202
11002
11078
11322
11772
10430
11199
10989
11150
11169
11634
10456
11317
11112
11003
11180
14209
7907
11256
10882
11279
11340
18840
3007
11032
11197
11273
11118
11156
10952
11292
11118
11005
11745
10598
10952
11233
11014
11015
11276
11046
11041
11300
11119
11082
10953
11076
11152
11166
11136
11020
12336
11552
9685
11057
11542
10475
11169
11085
11094
11299
11084
10996
11262
11025
11019
11180
11221
11047
11067
11135
11024
11059
11163
11144
11047
11291
11075
11218
11054
10995
11247
11020
10999
11326
11108
10977
11002
11276
10856
11362
11117
10842
11138
11232
10999
11341
11020
11058
11215
11109
10983
11085
11178
11177
11187
11106
11115
11137
10986
11001
11194
11166
11023
11287
10942
11153
11192
11131
10957
10995
11257
11043
11074
11327
11024
11185
11066
11024
11151
11005
11225
11200
11100
11037
11199
11055
10996
11179
11217
11008
11241
11024
11041
11210
11004
11081
11392
10852
11039
11047
11404
11003
11165
11173
10880
11131
11322
10993
11244
10903
11164
11135
11199
11064
10938
11085
11317
11215
11342
10783
11219
11028
10867
11147
11103
11130
11526
10906
11028
11131
11121
11069
10993
11183
11193
11119
11191
11022
11193
11159
10927
11090
11019
11131
11171
10946
11043
11425
11138
10961
11260
11029
11201
11166
11185
11122
11029
10970
11061
11068
11246
11262
11126
11047
10837
11141
11181
10962
11118
11386
11077
11186
10893
18652
3691
11052
11050
11173
11151
11035
11233
11061
11109
11168
11051
11066
11130
11069
11007
11123
11246
11114
11154
11121
10949
11136
11215
11156
11119
11106
10793
11423
11058
11016
11208
11064
11081
11151
11127
11185
11123
11048
11007
11060
11193
11073
11218
10957
11233
11179
11359
10686
11194
11138
11062
11188
10911
11243
11216
11061
10986
11146
11191
11162
11260
11015
10743
11270
11022
11070
11319
11044
11074
11382
11018
10945
11297
11061
11046
11216
11016
11161
11167
11076
11084
11172
11115
11009
11186
11449
10570
11279
10911
11263
11108
11194
11039
11156
11061
10933
11387
11088
11129
11129
11063
10907
11280
11364
10824
11223
11048
11171
11427
10853
10937
11019
11117
11064
11229
11255
11067
11100
11070
10988
11170
11103
11160
11186
11015
11238
11394
10763
11072
11137
11086
11121
11309
11046
10884
11079
11074
11119
11347
11036
11057
11226
11135
11058
11123
11080
11065
11158
11245
11027
11024
11151
11064
11200
11074
11258
11090
10981
11048
11292
11005
11077
11220
11000
11084
11157
11036
11197
11138
11099
11039
11349
10911
10937
11261
11122
11016
11305
11130
11373
11134
10800
11106
11011
10916
11212
11369
10999
11066
10926
11272
11056
11215
10957
11082
11160
11248
11035
11200
11048
11043
19419
2670
11614
11226
10780
10978
11220
11065
11027
11046
11253
11217
11198
10960
11122
11211
10987
11018
11208
11060
11198
11133
11139
11019
11226
11053
10995
11000
11274
11040
11315
11145
10921
11141
11145
11025
11157
11118
11080
11201
11101
11008
11238
11122
10979
11147
11182
10976
11244
11125
11123
11177
11028
10983
11192
10988
11053
11313
11094
11201
11074
11106
10775
11336
11136
11100
11040
11195
10986
11196
11093
10929
11284
11032
11056
11465
10989
11047
11160
11122
11007
11022
11185
10987
11203
11069
11033
11242
11248
11025
11144
11102
10965
11231
11217
10915
11259
11077
11113
11216
10945
11152
11144
11030
11053
11232
11074
11105
11213
11119
11058
11083
11221
11036
11155
11164
10991
11100
11177
10828
11384
11124
11141
11071
11002
11178
11007
11098
11098
11415
11049
10953
11141
11217
11030
11116
11111
10907
11311
11225
10963
11228
11060
11039
11138
11129
11066
11168
11178
10834
11124
11429
10948
11145
11133
11004
11288
11067
11041
11226
11046
11036
11108
11165
10947
11051
11309
10996
11211
11108
10962
11336
11059
10907
11172
11394
10942
11132
11115
11025
11187
11126
11039
11084
11204
11077
11095
11189
10924
11280
11141
10969
11108
11261
11211
13268
8975
10745
11276
10983
11083
11158
19069
3230
11176
11108
11083
11152
11081
11072
11244
10932
11156
11206
11082
11037
11048
11232
10944
11187
11217
11006
11000
11120
11262
11158
11068
10919
11304
10886
11269
11220
11174
11030
11142
10963
11091
11281
11112
11087
10977
11361
10963
10954
11319
10987
11167
10971
11085
11266
11102
10989
11267
11123
11017
11174
11219
10822
11368
11189
10972
11142
11081
11010
11034
11256
10918
11455
11102
11026
11041
11065
11006
11178
11301
11022
11236
11027
11045
10967
11248
11061
11147
11054
11194
11169
11093
11078
11007
11110
11134
11237
11152
10986
11022
11117
11200
11201
11152
10960
11049
11315
10959
11185
11125
11081
11101
11133
11051
11096
11279
11004
11229
11007
11097
11167
11136
11003
11092
10989
11189
11085
11253
11091
11151
11098
11116
11087
11219
11015
11035
11271
11005
11171
11268
10882
10964
11244
11075
11302
11115
10971
11000
11087
11051
11280
11263
11017
11169
11135
10939
11012
11292
11000
11087
11295
11125
11096
11131
10992
11192
11061
11090
11232
11171
10780
11059
11170
11103
11315
11065
11081
11105
11230
11075
10954
11370
10911
10982
11471
10800
11279
10985
11082
11389
11086
10932
11220
11032
11099
10899
11224
11106
11137
11107
11257
11152
10986
11128
11153
11206
10899
11268
11160
18440
3722
11091
10890
11293
11277
10877
11271
11164
10816
11159
11195
10976
11117
11377
11043
11164
11113
10978
11212
11061
11079
11114
11149
11057
11183
11172
11002
11147
11099
11013
11068
11210
11145
11165
11094
11035
11242
10940
11109
11160
11212
10939
11325
10896
11161
11246
11076
11036
11074
11094
11039
11396
11026
11000
11143
11270
11008
11059
10962
11142
11287
11174
10843
11365
11063
10989
11027
11114
11164
11281
11094
11033
11233
11024
10911
11085
11276
10943
11292
11254
10926
11026
11134
11040
11231
11239
11045
11173
11155
10971
11271
11106
10995
11092
11114
11102
11256
11043
11000
11263
11029
11043
11234
11250
10802
11254
11109
10989
11236
11169
10982
11150
11157
11042
11197
11074
11042
11215
11065
11057
11152
11143
11130
11036
11242
10965
11237
11171
10936
11074
11187
10950
11212
11288
11027
11111
11165
10991
11114
11111
11476
10856
11128
10957
11215
10951
11243
11064
11138
11040
11283
10956
11113
11178
11015
10948
11324
11105
11031
11348
11055
10962
11268
13597
8975
10508
11191
11039
11214
11165
11141
11154
11076
10896
11230
11217
10948
11165
10917
11182
11335
11050
11058
11219
11082
10897
11192
11301
11027
10995
11331
11056
11084
11101
10995
11382
10946
10893
11258
11326
10943
19313
2851
11018
11437
10844
11152
11315
11059
10995
11153
11200
10878
11248
11252
10925
11237
11106
11090
11139
11128
10885
11303
11127
10921
11088
11153
10994
11296
11038
11001
11278
11097
11136
11209
11212
10937
11125
11048
10989
11287
11163
10974
11263
11154
11046
11052
10966
11182
11284
11133
10967
11223
10964
11162
11137
11102
11054
11163
11050
11154
11390
10743
11221
11099
11225
10915
11184
11111
11059
11212
11145
11055
11216
11010
10968
11386
11036
10841
11408
11120
10861
11353
10941
10978
11287
11194
11027
11220
11152
10973
11151
10990
11023
11425
11072
10949
11086
11289
11027
11139
11079
10993
11375
11347
10659
11423
10968
10957
11199
11134
10987
11205
10977
11118
11257
10985
11224
11068
11076
11023
11286
11120
10950
11298
11118
11033
11127
11202
10848
11299
11087
10903
11118
11454
10922
11118
11092
11005
11337
11113
10971
11173
11256
10976
11075
11039
10983
11243
11208
11002
11387
10971
11015
11124
11105
11094
11206
11095
10955
11345
11339
10751
11160
11133
10992
11200
11184
11009
11231
11116
10936
11226
11248
10938
11123
11212
10911
11302
11098
10849
11311
10972
11074
11332
11106
10987
11145
11307
10910
11194
11079
10957
11281
11088
10966
11286
11106
11059
11095
11102
11044
11314
18755
3275
11041
11332
11023
11125
11106
11020
11240
11192
10967
11215
11120
10980
11165
11049
11074
11238
11148
11002
11179
11415
10779
11140
11049
10991
11404
10889
11101
11184
11144
11034
11211
11064
11018
11084
11283
11015
11233
11224
10943
11110
11093
11045
11182
11261
10744
11358
11133
11066
11144
11099
11058
11126
11144
10880
11339
11173
10970
11129
11202
10965
11203
11189
10814
11379
11127
11009
11216
10841
11255
11105
11310
10855
11423
11026
11009
11186
11033
11010
11184
11102
11068
11258
11148
10913
11153
10958
11195
11289
11419
10721
11090
11241
11085
10999
11077
11083
11164
11105
10999
11209
11097
11124
11070
11130
11096
11216
11022
11067
11069
11313
10808
11566
10876
10779
11469
11090
11125
11070
11210
11076
11134
11077
11114
11170
11155
10932
11205
13444
9063
10803
11087
11012
11196
11111
11121
11097
11196
11094
11076
11124
10986
11266
11131
10949
11173
11284
10929
11062
11200
11050
11186
11109
10966
11141
11362
10926
11177
11028
10900
11166
11074
11203
11184
11309
10970
11137
11109
11061
11228
11086
10983
11170
11106
11123
11164
11206
10827
11044
11319
10992
11276
11147
10960
11143
11142
11085
11130
11145
10863
11299
11122
11052
11210
11072
10994
11229
10980
11246
11367
10951
18416
3755
11059
11073
11149
11209
11037
11147
11150
11047
11035
11316
10948
11139
11192
11026
11172
11165
10988
11123
11189
11004
11173
11283
10956
11135
11101
10986
11062
11269
11013
10987
11244
11050
11243
11155
10970
11218
11161
11008
11050
11136
11183
11089
11241
10945
10965
11330
11012
11441
10793
11192
11116
11265
10916
11107
11133
11083
11133
11067
11163
11043
11239
10987
11188
11100
11160
11054
11124
10864
11436
11002
11105
11165
11099
11119
11009
10988
11148
11158
11215
11083
11081
11222
11020
11209
11001
11127
11097
11221
10981
11202
10918
11250
11093
11192
10954
11423
10965
11088
11165
10860
11278
11163
11019
11110
11048
11094
11132
11094
11223
11115
10948
11222
11028
11184
11299
10940
11161
11099
11020
11208
11076
11084
11124
11216
10937
11152
11193
11071
11164
11072
11060
11250
11175
11032
11097
11136
11003
11146
10953
11136
11182
11227
10971
11246
11099
11162
11059
11073
10939
11322
11167
10932
11211
10926
11251
11210
10953
11037
11349
11111
10999
11189
10911
11280
11093
11111
11154
11206
10893
11290
11037
11075
11058
11157
11089
11058
11309
11098
11023
11117
11104
11084
11203
10944
10993
11212
11235
11033
11259
11042
11079
11054
11153
11111
10987
11147
11036
11105
11328
11051
19317
2737
10952
11409
11226
10992
11008
11291
11077
11166
10998
11131
11125
11165
10871
11430
10922
11213
11170
11004
10953
11177
11138
11187
11190
11090
11049
11149
11068
10943
11174
11225
11092
11210
11092
11065
11098
10853
11437
11172
11088
11054
10932
11070
11082
11170
11072
11298
11032
11201
11111
10850
11376
11081
11190
11059
11003
11069
11275
11108
11068
11123
11076
11173
11078
11045
11041
11043
11086
11223
11246
11054
11181
11078
11004
11297
10949
11141
11187
11129
11001
11187
11131
10862
11335
11070
10953
11356
11135
13412
9086
10587
11070
11229
11067
11123
11328
11142
10984
11131
11126
11141
11024
11179
10889
11349
11093
11038
11203
10910
11145
11322
11136
11064
11052
10939
11057
11186
11105
11111
11346
11092
11058
11171
11149
10942
11144
11099
11008
11094
11308
10881
11236
11176
11053
11136
11092
10911
11247
11097
11034
11167
11324
11000
11179
10972
11118
11243
11104
10878
11353
11108
11024
11077
11074
11069
11206
11320
10930
11198
11177
10932
11230
10911
10998
11183
11210
11089
11313
11127
10957
11108
11089
11055
11176
11184
11017
11202
11111
11109
11101
11093
10986
11114
11123
11237
11147
10947
11080
11148
11013
11234
11169
11118
11109
11191
11094
11042
11112
11082
11091
11100
19040
3116
11185
11246
10991
11200
11141
11092
11017
11073
10985
11151
11261
10945
11378
10982
11051
11266
11008
11077
11207
11186
10927
11177
11129
11046
11221
10993
11103
11394
11066
11022
11070
11091
10825
11282
11216
11080
11185
11226
10974
11104
11126
11047
11188
10881
11082
11332
11211
11020
11128
10917
11255
11124
11154
11096
10976
11099
11249
10949
11249
10959
11170
11189
10935
11190
11106
11186
11189
11121
11020
11250
11094
11083
10931
11364
11031
11130
11162
10987
11163
11019
11030
11064
11287
10877
11350
11030
10928
11350
11075
10998
11291
11078
11053
11199
11111
10790
11275
11266
10868
11202
11364
11064
11063
11174
11008
11028
11185
10888
11360
11007
11301
11180
10918
11104
11197
11031
11019
11306
10890
11333
11056
11131
10918
11282
11078
11055
11289
11088
10924
11276
10957
11216
11114
11055
11058
11269
11158
11009
11135
10919
11185
11010
11258
11077
11152
11202
10994
11196
11036
11182
10963
10986
11201
11230
11141
11171
11087
11123
11001
11005
11177
11114
11153
11256
11019
11174
11116
10970
11066
11119
11042
11207
11274
11145
11045
11135
11014
10974
11110
11098
11108
11293
11149
11154
11000
11057
11150
10991
11051
11012
11346
11183
11092
11159
11049
11162
11138
11172
10916
11074
18684
3531
10980
11327
11085
11221
11046
11170
11108
11083
11069
11170
11017
11139
11166
11052
11171
11162
11073
11138
11039
11188
11077
11030
10992
11163
11246
11115
11185
11052
11047
11118
11099
11056
11233
11103
11193
11037
11117
11108
11067
11189
10940
11326
10945
11254
11103
11133
10902
11061
11241
11077
11244
10934
11593
10810
11116
11056
11098
11093
11063
11158
11282
11043
11205
11004
11016
11082
11053
11147
11275
11037
11085
11131
10921
11150
11286
10993
11193
10989
11208
11134
10873
11369
11066
11014
11065
11149
11179
11208
11020
11203
11139
11060
11015
11156
10946
11212
11133
10965
11501
12090
10049
11049
11004
11242
11045
11153
11095
11080
11115
10995
19185
4934
9302
11219
11144
11000
11271
10735
11042
11142
11151
11123
11311
11123
11058
11239
11023
11160
11035
11098
11220
11221
11051
11038
10953
11518
10831
10967
11262
11070
11178
10889
11061
11344
11102
10916
11288
11085
11075
11136
11125
11092
11217
11081
11049
11074
11110
10908
11212
11293
11046
11051
11217
11341
10670
11278
11008
11156
11149
11003
11314
11142
10874
11409
11034
10977
11086
11220
10839
11463
11042
11139
11113
11110
10933
11101
11366
11026
11389
10819
11068
11104
11104
11031
11309
11169
11087
11075
11025
11101
