47922
6708
3573
23484
22280
11148
10969
11149
10986
11083
11136
11085
11159
11160
10945
13115
9166
10970
11332
11065
10960
11289
10867
11211
11321
11225
10883
11024
11059
10995
11290
11000
11059
11509
11052
10970
11290
11108
10913
11063
11348
10834
11521
10981
10912
11295
11054
10906
11118
11184
11035
11290
11185
10977
11180
11027
11009
11189
11064
11203
11292
11107
10868
11201
10900
11122
11183
11069
11479
10963
11067
11077
11073
11095
11026
11157
11008
11215
11243
11186
10961
11198
13066
9000
11180
10939
11007
11353
11156
11009
11234
11039
11105
11352
10866
11186
11304
11031
10896
11121
11128
10986
11229
10986
11209
11363
11089
10867
11197
11076
11000
11214
10977
11227
11208
11086
10909
11354
11041
10996
11182
11018
11125
11368
11155
10945
10929
11309
11008
11008
11072
11088
11257
11268
11063
11181
11058
10999
11222
11039
10803
11652
10948
11027
11135
11105
11149
11084
10816
11329
11219
11218
10929
11148
11101
11086
11101
10894
11334
11091
11318
11080
11154
10915
10946
11316
10866
11166
11335
11150
10936
11167
10961
11177
11045
11258
10901
11426
11049
11035
11156
10880
11238
12434
9967
11051
11220
11045
11090
11134
11082
11005
11194
11084
10979
11349
11145
10942
11195
11123
18733
3613
10881
11049
11579
11341
10554
11194
11066
10987
11218
11055
11051
11111
11187
11153
11217
11007
11023
11249
11032
11074
11179
11046
11065
11212
11181
10775
11479
10842
11016
11287
11262
10781
11495
11051
10982
11155
11126
10856
11416
11193
10811
11238
11442
10733
11142
11100
11035
11300
11072
11092
11152
11115
11029
11170
11035
11132
11127
11270
10990
11141
10884
11050
11165
11145
11047
11167
11182
11339
11050
11093
10999
11173
10946
10987
11215
11238
11177
11009
11168
11008
11181
10898
11123
11281
11260
10974
11001
11208
11085
11147
11081
10931
11537
11095
10986
11127
11023
11049
11244
11065
11017
11128
11305
10821
11223
11063
11130
11257
11008
10914
11270
11160
11055
11214
11187
10980
11198
11104
10969
11279
11114
10956
11203
11162
10953
11110
11080
11009
11347
11297
10958
11130
11110
11041
11125
11023
11238
11158
11245
10911
11147
11113
11028
11242
11005
10846
11356
11258
10900
11125
11192
11027
11180
11045
11059
11058
11267
11005
11057
11326
10951
11095
11292
10970
11151
11201
10998
11211
11120
11015
11929
11094
10321
11274
11143
10882
11162
11671
10584
11091
11160
11010
11161
11165
11065
11173
11119
11031
11169
13507
8314
11476
11294
11025
11002
11122
11072
11186
11111
10990
18597
3698
10961
11337
10859
11226
11171
11172
10768
11214
11297
10980
11155
11240
11037
11105
11215
10818
11144
11202
11160
11177
11111
11054
11161
11031
10972
11121
11589
10741
11372
11016
10999
11210
11038
11082
10998
11166
11027
11372
10993
11106
11211
11042
11058
11134
11167
11080
11200
11094
10836
11397
11111
10790
11165
11203
11184
11218
11114
10945
11150
11154
10734
11328
11242
11111
11133
11440
10714
11200
11111
11011
10983
11114
11233
11250
11089
11047
11280
11044
10933
11202
11235
10966
11156
11067
11151
11159
11055
11015
11050
11242
11136
12833
9480
11036
10905
11295
10989
11187
11238
11028
11253
11077
11071
11076
11090
11040
11001
11265
11192
11101
11970
10165
11144
11105
11158
11072
11054
10908
11320
11086
11086
11226
11078
10996
11072
12705
9700
11139
11128
10978
11270
11071
10940
11056
11093
11053
11397
11028
11038
11309
10863
11196
10973
11379
11138
11099
11097
11047
11147
11256
10883
11236
11103
11000
11232
11001
11042
11233
11098
11018
11032
11309
10964
11044
11371
11011
11172
11152
10965
11098
11201
10888
11467
11043
11047
11162
11005
11052
11829
10422
11130
10994
11336
11255
10933
10979
10944
11267
11238
11028
11140
11343
10922
11203
11070
11030
11023
11059
11114
11235
20405
1711
11284
11163
10967
11164
10958
11175
11203
11217
11011
11166
11120
10945
11220
11088
11079
11184
11151
10996
11233
11120
11058
11921
10201
11115
11207
11120
10959
11338
10996
10998
11014
11147
11133
11235
11121
11119
11190
11051
10975
11099
11134
11198
11181
12018
10141
11206
11019
11029
11177
11150
10910
11288
11137
11078
11179
11035
11004
11228
11067
11089
11181
11059
11136
11210
11085
10957
11166
11170
11069
11092
11122
11135
11233
11075
10931
11334
10964
11139
11148
11177
11048
11998
10169
11093
11148
10958
11280
11213
10989
11062
11256
11066
10986
11234
11076
10934
11339
11115
10871
11288
11127
10968
11206
11994
10295
11130
11103
11019
11137
11146
11040
11114
11268
10836
11307
11116
11074
11095
11066
11056
11235
11124
11070
11084
11276
10856
11286
11146
10898
11198
11085
11020
11340
11067
11038
11143
11118
11000
11284
10958
11016
11275
11088
11044
11190
11145
11045
11102
10927
11082
11220
11220
11041
11305
11044
10961
11233
11062
11069
11190
11194
10973
11310
10972
11083
11166
11060
11061
11198
11150
11057
11215
11090
10997
11194
11075
11069
11267
11191
10923
11183
11079
11135
11062
11094
11000
11032
11387
10957
11171
11108
10862
12067
10411
10874
11349
11199
10947
11253
11113
18647
3515
11052
11060
11250
11156
11038
11202
11039
10834
11351
11052
11059
11340
11733
10305
11267
11040
11083
11088
11136
10964
11330
11101
11038
11222
11060
10977
11201
11114
11036
11233
11046
11145
11087
11157
11021
11168
11065
11003
11345
10892
11279
11138
11030
11081
11184
11021
11064
11320
11089
10974
11295
11003
11045
11104
11108
11009
11267
11068
11167
11162
11086
11028
11122
11139
11040
11288
11097
11048
11173
11067
11027
11144
11089
10982
11236
11211
11073
11174
11126
10955
11213
11054
11019
11157
11189
10850
11411
11099
11006
11171
11113
11030
11083
11354
11001
11127
11127
10990
11158
11042
11101
11136
11150
10909
11425
11042
11026
11145
11268
10864
11142
11238
11024
11157
11027
11086
11305
11082
10965
11224
11135
11069
11075
11214
10969
11261
11057
11033
11226
11156
10942
11248
11078
10991
11211
11394
10706
11107
11273
10988
11193
11124
11040
11186
11038
11067
11131
11235
11005
11219
11143
10925
11208
11105
11029
11105
11184
11142
11144
11166
10956
11158
11104
11021
11101
11292
10913
11274
11123
11011
11167
11067
11047
11165
11186
11011
11242
10773
11270
11204
11090
11006
11158
11321
10998
11453
10869
10889
11207
11114
11024
11184
11198
10996
11193
11208
10696
11410
11007
11096
18532
3789
11018
11220
11171
10782
11445
11068
10962
11150
11197
11123
11132
11227
10893
11191
11114
10986
11022
11351
10974
11259
11080
11028
11157
11156
10950
11177
11619
10575
11227
11081
10994
11273
11014
11048
11153
11038
11123
11306
11128
10980
11141
11160
11015
11088
11246
11083
11119
11211
10927
11208
11073
10969
11015
11343
10855
11357
11043
11053
11200
11159
11040
11169
11165
10955
11314
11038
10984
11202
11087
11095
11383
10903
11029
11404
10902
11001
11276
10971
11133
11099
11205
11033
11226
11115
10960
11186
11177
10951
10910
11435
11080
11142
11266
10868
11215
11194
10867
10983
11254
11102
11030
11191
11124
11167
11123
11078
10994
11167
11152
11202
11101
10959
11252
11142
10966
11113
11279
11048
11332
11161
11052
10960
11049
11061
11117
11151
11078
11195
11025
10926
11087
11328
11080
11014
11283
11095
11162
10989
11136
11203
11158
10970
11147
11140
10899
11352
10931
11018
11420
10955
11050
11056
11116
11045
11322
11029
11090
11213
11109
11054
11129
11288
11042
11126
10983
11121
11224
10986
11085
11138
11158
11089
11223
11109
11039
11368
10746
11004
11146
11132
11273
11163
11137
10955
11063
11318
10999
10918
11466
10988
11168
11191
10895
11224
11096
11050
11130
11653
10631
10864
19258
2957
11278
11117
11078
11202
11058
11098
11212
11154
10900
11205
11114
10989
11063
11218
11131
11211
11119
11042
11210
11123
11005
10956
11315
10879
11269
11088
11065
11256
11061
11068
10955
11327
10974
11296
11131
10966
11214
11065
11002
11179
11142
10940
11444
13835
8537
10906
10894
10952
11176
11239
11217
11099
11131
11050
11126
10976
11171
11213
10958
11253
11162
11110
11036
11201
11032
11014
11189
11152
11150
10965
11011
11085
11384
11113
11013
11144
11066
11075
11172
11085
11008
11285
11092
11071
11125
11046
11176
11176
11074
11030
11212
11135
11004
11142
11261
10932
11141
11129
11043
11269
11111
10914
11177
11083
11210
11145
11109
11043
11117
11170
11009
11127
11094
11054
11080
11263
10922
11346
11114
10980
11148
11074
10972
11346
11054
11000
11331
11094
10953
11140
11078
10979
11460
10907
11079
11238
11101
11038
11072
11157
11145
11034
11097
10967
11309
11198
10957
11012
11253
11138
11107
11148
11074
11223
10965
11210
11090
11111
11026
11230
11105
11070
11179
11166
11024
11060
11089
10888
11334
11086
11163
11192
11353
10729
11083
11189
11133
11146
11090
11051
11221
11119
11025
11046
11146
10988
11275
11148
11109
11144
11019
10980
11123
11084
11179
11641
10744
11080
11234
11029
18572
3549
11076
11064
11280
11061
11073
11076
11238
10828
11304
11102
11110
11360
10983
10935
11047
11427
10948
11122
11064
11044
11156
11211
11025
11189
11032
11091
11164
11111
11027
11110
10851
11473
11047
11236
10993
11124
11114
11022
11213
11094
11078
11254
11095
11019
11107
11121
11121
11193
11038
11073
11369
10985
10969
10981
11322
10981
11176
11122
11234
10868
11161
11016
11098
11016
11277
11128
11291
11018
11185
11176
10940
11156
11117
10992
11249
10930
11156
11337
11117
10934
11140
11163
10992
11170
11000
11029
11122
11379
10940
11174
11188
10964
11209
11121
10881
11336
10949
11260
11101
11108
11053
11301
10906
11100
11094
11225
11106
11002
11316
10973
11048
11152
11042
11161
11287
11005
11129
11121
11061
11195
11090
10998
11208
11232
10963
11145
11158
10958
11225
11004
11197
11204
10846
11067
11156
11132
11180
11219
11064
11084
11192
11026
11041
11080
11265
11048
11319
10960
11040
11248
11118
10817
11339
11166
10848
11315
11176
10954
11097
11245
11061
11139
11124
11067
11049
11187
11043
11237
11191
11007
11078
11122
11067
11166
11177
11069
11147
10904
11063
11228
11196
11104
11052
11210
10935
11370
10818
11067
11399
11141
10946
11220
11053
10910
11283
11210
11027
11138
11389
10726
18473
3918
10940
11231
11084
11094
11151
11093
11031
11085
11103
11182
11145
11186
11030
11138
11119
11061
11026
11272
11013
11194
11102
11053
11175
11081
11108
11093
11164
11076
11054
11237
11034
11107
11117
11088
11102
11232
11021
11104
11105
11045
11135
10963
11280
10947
11049
11249
11153
11142
11056
11181
11136
11046
11144
11059
10982
11331
11265
10725
11313
11082
11056
11188
11126
10989
11186
11153
11024
11198
10987
11170
11175
11179
11096
10986
11026
11058
11210
11047
11244
11226
11075
11076
11103
11131
11122
11104
11067
11003
11112
11196
11119
11191
11085
10875
11322
11027
11173
11035
10985
11075
11214
11194
11084
11234
11144
11017
11037
11085
10969
11344
11131
10993
11137
11206
11116
11107
10889
11214
11162
11120
11196
11081
11122
11098
11068
10870
11177
11395
11146
10995
11241
11038
11102
11002
11225
11062
11316
10962
11105
10965
11208
10997
11264
11063
11198
11119
10840
10983
11247
11194
11165
11021
11280
11068
11161
11125
11029
11180
11138
11007
11210
11038
11123
11133
11124
11061
11174
10986
11082
11081
11203
10975
11122
11283
11104
11252
11052
11068
11040
11015
11103
11319
11126
11069
11067
11234
10971
11137
11021
11160
11095
10994
11232
11263
11090
10957
10962
11126
10988
11278
19209
3059
11058
11297
11042
11053
10953
11202
11061
11308
11161
11095
11109
11044
11167
11018
11040
11300
10958
11066
11069
11336
11084
11096
11000
10897
11539
11066
11046
11163
11183
10932
11169
11044
11036
11334
11124
10742
11277
11226
11118
10986
11185
11069
11027
11191
11087
11217
11142
11018
11247
10983
11097
11221
11015
11147
10958
11331
11082
11034
10900
11186
11148
11285
10969
11095
11278
11094
11101
10916
11173
11299
11204
10965
11042
11227
10885
11317
11060
10967
11084
11379
10983
10970
11367
10987
11092
11160
11068
11235
10914
11142
11083
11289
11067
11046
11015
11105
11065
11379
10896
11213
11101
11123
11139
11073
10975
11370
11165
10939
11213
11155
11028
11177
10962
11054
11092
11177
11063
11267
11117
11016
11010
11175
11029
11144
11254
10926
11118
11392
10963
11119
10926
11095
11194
11254
10980
11260
11127
11050
10956
11094
11064
11162
11251
10996
11249
11159
11084
11174
11000
11207
11222
10988
10995
11231
11102
11031
11209
11070
10946
11165
11011
11278
11503
11968
9915
11013
11083
11116
11272
10986
11145
11177
11127
11015
27725
4104
5037
7665
11045
11030
11254
11227
10796
11436
10950
10998
11158
11193
11282
10954
11150
11109
11110
10912
11179
11171
11232
10988
11391
10926
18610
3629
11007
11147
11181
10953
11225
11479
10779
10831
11198
11097
11113
11115
11161
11184
11160
11147
11005
11158
11203
10872
11143
11098
11140
11280
11035
11008
11247
11217
10874
11121
11202
11033
11182
11080
11124
11220
11004
11028
11013
11317
11045
11302
11034
11011
11220
11058
11028
11118
11073
10964
11526
10986
10971
11129
11169
11052
11184
11156
11048
11147
11155
10940
