43447
6451
5043
22247
9265
3851
20028
9296
3699
9096
11290
10988
11212
10847
11399
11192
10985
12801
9341
10954
11258
11090
11021
11320
11083
11256
11142
10923
11185
11148
10897
11420
11059
10907
11325
11010
10980
11218
11338
10677
11504
11094
10940
11316
11044
10969
11265
10782
11091
11663
10977
10993
11265
10996
10930
11236
10987
10981
11400
11057
11078
11115
11243
10977
11099
10965
11115
11209
11187
10908
11319
11152
10980
10943
11213
11038
11437
10985
10914
11328
11020
11002
11367
10848
11053
11394
11022
11065
11310
10967
11028
11160
10958
11190
11082
11252
11008
11273
10949
11173
11039
11161
10928
11376
11014
10915
11379
11109
11002
11190
11041
10990
11224
11099
11133
11254
10996
11031
11194
11123
11040
11153
11171
10862
11517
11068
10963
11150
11163
10983
11177
11086
11165
11195
11129
10951
11005
11259
11060
11107
11218
10927
11338
11251
10859
11070
11003
11222
11142
10975
11270
11203
11031
11024
11019
11202
11024
11239
11201
11044
11179
11008
11024
11154
11134
11063
11175
11042
11147
11223
11018
11184
10855
11433
11069
10922
11295
10841
11104
11336
10983
11201
11167
10930
11292
12060
10132
11234
10810
11166
11164
11016
11072
11303
11094
10871
11316
11251
11052
11079
18696
3222
11256
11593
10630
11328
11388
10702
11753
10513
11033
11288
11051
11011
11295
11053
11002
11227
11062
10963
11206
11222
11103
11209
10836
11065
11064
11175
11157
11250
11149
10949
11271
11010
11078
11141
11136
10952
11313
11143
10963
11250
11043
11013
11169
11109
11068
11149
11006
11121
11095
11467
10845
11235
11010
10968
11224
11096
11144
11280
10991
11080
11158
11116
11086
11151
11146
10946
11387
10909
11166
11163
11042
10827
11198
11243
11048
11119
11280
11029
11135
11169
11189
10892
11194
11071
11257
11012
11052
11200
11100
10964
11142
11270
11360
10899
10754
11239
11200
11027
11091
11162
11184
11010
11122
11234
11061
11137
11086
11094
11122
11079
11176
11130
10926
11178
11192
11045
11085
11133
11080
11146
11118
11204
11071
11129
11059
10974
11171
11282
10913
11231
11172
11027
11062
11168
11120
11074
11112
11148
11300
11153
10825
11032
11249
11055
11129
11096
10990
11360
11151
10832
11258
10975
11144
11168
11163
11067
11258
11137
10973
11152
11107
11086
10804
11491
10915
11759
10456
11192
11276
10996
11002
11179
11807
10374
11932
10206
11156
11232
11153
10968
11618
10754
11007
11056
11325
10917
11249
11035
11063
11137
11050
11075
13462
8764
11132
11010
11333
11034
11113
11180
18255
3992
10817
11333
11211
11097
10976
11156
11079
11073
11393
10965
11132
11230
11102
10706
11186
11091
11154
11301
11126
10845
11324
11113
10904
11324
11028
11097
11254
11120
10976
11240
11427
10644
11170
11141
11058
11293
10876
10950
11276
11145
11129
11002
11205
11142
11186
11136
10970
11182
11093
11039
11202
11051
11071
11259
11136
10953
11245
11120
11319
11040
10733
11126
11165
11299
10976
11173
11145
11040
11486
10721
11103
10998
11361
10965
11211
11052
11089
11189
11192
10918
11787
10898
11044
11021
10999
10876
11057
11053
11187
11434
11038
10973
11155
12702
9394
11122
11132
11140
11190
11230
10932
11267
11000
11045
11106
11127
11226
11241
10772
10899
11307
11173
11262
11958
10046
11202
11271
11250
10765
11215
11149
11003
11182
11075
11051
11133
11066
10988
12918
9878
10852
11301
10750
11140
11030
11366
10946
11196
10979
11136
11234
11015
11114
11359
11034
10996
11170
11144
10971
11004
11204
11124
11268
11302
10771
10999
11308
10913
11237
11072
11041
11545
10823
11112
11161
11162
10969
11152
11017
11020
11343
11158
10886
11295
11064
11029
11207
11154
10932
11174
11869
10391
10991
11247
11074
11073
11114
11048
11304
10931
11133
11132
11182
11033
11204
11016
11135
11321
11075
10974
18996
3149
11082
12142
10047
13254
9515
10571
11140
11081
11274
10981
11209
11083
11056
11211
10982
11080
11173
11158
11044
11214
11099
11075
11424
12038
9884
11062
11268
10819
11161
11105
11128
11240
11170
11081
11232
10975
11162
11054
11094
11035
11195
10948
11188
11273
11115
10966
12092
10171
11158
11237
10872
10998
11147
11140
11176
11243
11068
11018
11260
11147
11075
10903
11256
10999
11198
11040
11152
11326
10982
10988
11174
11149
10987
11275
11007
11064
11106
11251
10946
11311
11011
11137
11157
11865
10273
11228
11060
10963
11354
11092
10966
10963
11099
11156
11250
10977
11076
11321
11082
10983
11176
11018
11206
11059
11080
11103
12230
10280
10931
10964
11289
11004
11233
10991
11082
11249
11107
11041
11145
11087
11050
11157
11029
10962
11200
11297
10835
11318
11011
11115
11248
11054
11096
11193
11174
11002
11182
11093
10994
11163
11065
11188
11112
11167
11014
11236
11021
11036
11157
11029
11123
11278
11157
10920
11224
11074
11089
11240
11028
11093
11179
11078
11068
11143
11072
11022
11290
11174
10992
11140
11011
10922
11175
11125
11202
11261
11104
11051
11123
11081
11053
11193
11090
11037
11273
11314
10828
11149
11134
11026
11134
11077
11023
11363
11874
9980
11446
10951
11154
11143
18696
3414
11244
11133
10885
11286
11193
10962
11193
11091
11040
11121
11286
11037
11106
10995
11038
11908
10465
11010
11008
11184
11115
11217
11218
11023
10899
11126
11182
11024
11340
11042
11263
11022
11126
11124
11122
11045
10964
11416
10920
11372
10929
10869
11169
11182
10961
11376
11111
11018
10937
11411
11003
11165
11125
10995
11086
11211
11030
11251
11136
11036
11154
11064
11079
11022
11156
10969
11165
11298
10901
11361
11113
10869
11178
11288
10784
11356
11186
11023
11221
11037
11052
11047
11218
10970
11277
11301
10958
11167
11030
10983
11123
11180
10961
11193
11188
11086
11172
11040
11129
11228
11018
10969
11290
11160
11007
11221
11037
11044
11155
11065
11081
11233
11111
11054
11029
11222
10882
11187
11255
10951
11293
11196
11020
11089
11142
11067
11038
11178
11048
11313
11132
10897
11194
11055
11094
11126
11109
10953
11629
11047
10781
11254
11039
11063
11161
11072
11092
11377
11004
11037
11189
11004
11131
11271
10828
11251
11037
11237
11007
11026
11241
11057
10946
11188
11040
11337
11099
11079
11144
11168
10984
11163
10987
11083
11289
11193
11066
11085
11090
11015
11174
10940
11544
10891
10984
11056
11279
11410
10755
11121
10980
11200
11223
11207
10882
11078
11288
10971
11286
10846
19378
2825
11227
11186
11168
11049
11027
11145
10985
11169
11201
11110
11030
11301
11090
10825
11232
11182
10823
11488
11027
11123
11185
11053
11026
11170
10992
11112
11212
11152
10881
11648
10865
10938
11039
11152
11073
11294
11109
10901
11194
11069
11158
11221
11006
11075
11303
11107
11022
11215
11159
10947
11163
11058
11085
11293
11030
11072
10973
11279
10998
11178
11001
11066
11221
11181
11010
11197
11151
10948
11211
11082
11047
11306
11409
10694
11267
11270
10832
11097
11113
10861
11204
11186
11206
11134
11118
10945
11264
11086
11050
11158
11094
11071
11242
11070
11040
11414
10791
11147
11387
10973
11099
11103
11060
10914
11137
11144
11052
11331
10894
11257
11223
11084
10960
11209
11069
10989
11246
11186
10942
11261
11145
10870
11275
10941
11186
11349
10983
10868
11152
11240
11068
11025
11224
11066
11348
11001
11072
11082
11165
11060
11176
11099
11072
11347
10995
11078
11135
11033
11112
11164
11095
10863
11276
11026
10978
11284
11226
11031
11132
11009
11170
11294
11128
11001
11144
11169
10955
11184
11085
11033
11145
11277
10932
11325
10912
11120
10988
11290
10837
11349
11239
10980
11201
11015
11122
11141
11098
11051
11326
11075
10996
11195
11036
11077
11172
11106
11038
11325
11007
10894
19429
2730
10929
11481
11059
11074
11308
11074
10862
11147
11268
11032
11130
11125
11048
11238
11103
11088
11369
10891
11169
11097
11035
10963
11211
11008
11187
11234
11067
11007
11187
10991
11075
11355
11097
11034
11166
11114
11040
11207
11013
10979
11316
11178
11076
11189
11047
10975
11053
11069
11013
11357
11152
11069
11146
11032
11072
11219
11020
10999
11336
10945
11051
11111
11373
10963
11180
11109
11074
11286
11077
10826
11159
11093
11031
11354
11251
10854
11176
11161
10988
11178
11260
10968
11081
11146
10897
11370
11159
11027
11254
10963
11083
11178
11144
10972
11042
11144
11014
11573
10844
10899
11360
11062
10997
11268
11171
10974
11164
11112
11140
11135
11063
10958
11420
11069
10962
11173
11064
11139
11030
11129
10940
11280
11169
11085
11159
11018
11030
11173
11165
10970
11299
11056
11036
11169
11203
11004
11140
11114
10983
11290
11163
10777
11186
11128
11056
11306
11097
11041
11293
11164
10913
11231
11074
10984
11061
11267
11007
11300
11015
11148
11101
11101
10989
11228
11147
10965
11103
11058
11147
11144
11002
11269
11234
11142
10939
11396
10987
10777
11290
10982
11231
11205
11106
10850
11270
11284
11028
11039
11306
10996
11097
11183
10788
11266
11275
11048
11115
11346
10695
11397
18496
3370
11170
11349
11023
11065
11139
10898
11367
11083
10868
11321
11034
10973
11175
11208
11160
11127
11161
11008
11301
11127
11061
11126
11053
11081
11127
11066
11050
11161
11240
11007
11177
11041
11203
11169
11081
10918
11233
10953
11112
11244
11074
11092
11213
11098
10973
11060
11261
11281
10954
11003
11235
11184
10950
10893
11297
11183
11058
11345
11134
10932
11150
10957
11006
11215
11248
11098
11175
11121
11027
11207
10936
11107
11090
11203
11076
11107
11052
11182
11216
10894
11197
11148
11161
11010
11282
10871
11256
11123
11101
11024
11189
11033
11164
11132
11057
11171
10964
11331
10930
11094
11185
11004
11144
11350
11044
11239
10820
11014
11181
11231
11042
11118
11032
11019
11431
11026
11047
11133
11103
11065
11192
11198
11109
11093
11113
10964
11245
11095
10920
11328
11202
10990
10938
11229
11045
11254
10964
11089
11272
11114
11056
11149
11040
11055
11225
11077
10913
11258
11232
11069
11148
11052
11117
11175
10914
11052
11133
11150
11232
11166
11054
11120
11180
10929
11113
11204
11115
11140
11113
11082
11002
11284
10950
11078
11252
11084
11148
11266
11055
10961
11013
11205
11016
11187
11072
11001
11343
11100
11017
11136
11247
11024
11100
11278
10892
11156
11160
11011
11117
11094
19342
2926
11105
10893
11140
11123
11163
11049
11142
10950
11352
11152
11187
11145
11116
10892
11332
10923
11192
11183
11173
10977
11230
10917
11167
11227
11116
10940
11092
11102
11181
11233
10899
11209
11218
11059
11067
11106
11342
10929
11194
10906
11121
11191
10963
11106
14166
8959
10658
11145
10919
10969
11166
10926
11142
11189
11175
11119
11155
10951
11207
11170
10868
11338
10982
11337
10943
11164
10815
11313
11168
11103
11076
11479
11130
10711
11007
11095
11064
11358
11050
11091
11194
11282
10746
11326
10896
11165
11220
11114
10968
11257
11229
10970
11164
10971
11492
11139
11113
10740
11094
11058
11185
11138
10994
11072
11326
11121
10930
11340
11026
11049
11378
10744
11212
11318
10983
10881
11257
11865
10740
11322
10884
10753
11075
11081
10943
11328
11246
11042
11199
11060
11043
10981
11451
10778
11315
11197
11032
11151
11024
11062
11169
11118
11547
11087
11039
10785
11028
11007
11032
11354
11058
11161
11115
11157
10968
11309
11060
11017
11105
11096
11165
11201
11142
11031
11069
11158
11294
11207
11015
10709
11216
11065
11193
11196
11053
11022
11031
11373
10926
11253
10926
11202
11216
11092
11029
11116
11223
11069
11073
11138
11078
11448
11041
10870
10977
11000
11009
11396
11157
11011
19115
3271
10883
11253
11054
11016
11184
11192
10989
11255
11127
11036
11142
11058
10950
11383
11141
10950
11003
11166
10991
11363
11065
11094
11180
11018
11087
11190
11165
10982
11193
11087
10947
11166
11240
11085
11115
11189
11056
11209
11067
10879
11263
10974
11080
11176
11200
11065
11229
11086
10992
11222
11028
11091
11245
10969
11061
11258
11098
11042
11243
11065
11116
11284
11060
10938
11196
11084
10883
11302
11075
11068
11330
11079
10980
11194
11147
10996
11077
11168
10983
11175
11190
11070
11150
11167
11024
11174
11191
10967
11167
11144
11051
11166
11088
11037
11218
11102
11022
11244
11049
10937
11302
11071
11005
11243
11111
10955
11180
11236
10958
11278
11083
10984
11235
11020
11027
11255
11136
10970
11205
11166
10917
11130
11157
11093
11239
11118
10976
11173
11101
11160
10983
11226
11037
11235
11142
10969
11182
10894
11029
11112
11350
11067
11274
11092
10898
11114
11260
11031
11137
11229
11046
11132
11093
11039
11208
11046
11002
11268
11226
10848
11160
11022
11077
11180
11486
11779
10187
11032
11011
11287
11178
11037
11166
11047
11069
11185
25948
2980
5294
10065
11169
11195
11137
11065
11078
11040
11009
11329
11041
11202
11148
10933
11038
11308
11131
11045
11292
10911
11227
11111
18810
3216
10989
11310
11152
11332
11131
10812
11052
11432
10757
11266
11054
11182
11217
11095
11007
11206
11075
10974
11229
10972
11115
11563
10879
10916
11235
11105
10981
11272
11220
10913
11101
10872
11356
11200
11110
10848
11301
11080
11116
11219
11080
11067
11185
11238
10871
11035
11140
11136
11235
11138
11022
11258
11172
10903
11089
10944
11033
11623
10799
11110
11159
11116
11013
11160
