664660
1274
1820
47832
21946
11286
11151
10917
11130
11150
11081
11132
11157
11133
11098
11152
11059
11144
11149
11082
11071
11121
11130
11150
11224
10763
11107
11152
11237
11328
11190
10818
10979
11111
11067
11205
11207
11089
11092
11162
11085
11139
11026
11062
11089
11178
11092
11117
11082
11155
11138
11119
10992
11544
11140
10683
11293
11082
11103
11066
11109
11038
11196
11110
11067
11144
11108
11103
11120
11072
11079
11157
11124
11092
11160
11110
11108
11023
11057
11046
11184
11134
11079
11131
11176
11149
11124
11156
11028
11144
11124
11044
12354
9738
11285
11113
11104
11053
11170
11130
11084
11052
11269
11027
10909
11123
11128
11222
11012
11126
11175
11243
11030
11145
11095
11048
11167
11132
11041
11114
11236
11032
11104
11164
11040
11029
11169
11105
11314
10885
11211
10982
11245
11097
11084
11145
11049
11120
11191
11038
11152
11104
11200
10909
11109
11120
11227
11160
11033
11082
11175
10955
11213
11118
10982
11305
11192
10952
11123
11054
11056
11187
11123
10991
11257
11185
11100
10924
11056
11187
11075
11117
11132
11243
11162
11241
11117
10804
11136
11136
11152
11016
11112
11297
11052
11136
11082
11155
11025
11130
11086
11106
11106
11087
11176
11100
11128
11098
11068
11063
19059
3226
10965
11325
11088
10905
11282
11154
11094
11115
11160
11030
11154
11107
11095
11097
11133
10982
11222
10999
11253
11090
10944
11290
11073
11001
11179
11114
11007
11276
11085
11014
11216
11115
11118
11092
11158
11105
11087
11099
11110
11093
11113
11137
11067
11270
10975
11163
11113
11110
10959
11019
11157
11176
11145
11155
11162
11065
11001
11182
10998
11134
11242
11095
11111
11108
11109
11114
11128
10997
11162
11071
11124
11061
11073
11198
11192
11114
11041
11169
11161
11026
11151
11195
11063
11099
11064
11078
11143
11153
11109
11097
11086
11353
11073
10934
11103
10966
11126
11201
11138
11013
11154
11076
11249
10940
11169
11107
11067
11207
11152
10895
11206
11180
11147
11122
11106
11038
11261
11026
11125
11261
10962
10963
11242
11037
11101
11196
11097
11143
10971
11285
11028
11145
10994
11175
11107
11028
11223
11139
11165
11074
11191
10952
11097
11168
11152
11089
11043
11160
11127
11107
11054
11157
11082
11159
11141
11071
11134
11075
10955
11297
11047
11074
11067
11281
11089
11162
11077
11103
10893
11146
11197
11204
10969
11123
11070
11114
11244
10988
11158
11113
11077
11269
11105
11098
11021
11056
11066
11120
11256
11134
11153
11052
11089
11119
11063
10991
11152
11197
10968
11240
18667
3620
11108
11080
11164
10940
11206
11100
11202
11100
11141
11106
11003
11054
11171
11169
11077
11145
11161
11099
11078
11081
11092
11175
11043
11157
11113
11124
10856
11356
11102
11150
11109
11109
11039
11250
11113
10975
11048
11069
11165
11080
11184
11158
11094
11044
11173
11146
11061
11139
10993
11013
11243
11046
11286
11061
11125
10975
11112
11155
11276
11015
11144
11182
11085
10955
11244
10941
11168
11226
11033
11167
11104
11081
10921
11269
11090
11264
10970
11133
11197
11074
11057
11440
11091
10692
11221
11012
11128
11184
11016
11093
11249
11106
10986
11287
10907
11144
11223
11125
11143
11123
10987
11200
11131
11094
11089
10978
11267
11026
11176
10983
11099
11157
11120
11101
11152
11105
11242
11070
10928
11087
11184
11096
11120
11165
11129
11000
11269
10997
11077
11161
11148
11077
11050
11104
11184
11257
10939
11117
11139
11148
11088
11147
11165
11112
11107
11130
10948
11346
10956
11122
11240
11002
11129
11175
11061
11074
11062
10963
11088
11288
11135
11154
11136
11071
11140
10980
11125
11126
11181
11129
11076
11127
11088
11038
11235
11072
11086
11201
11163
11034
11131
10945
11034
11214
11097
11184
11136
11115
11124
11097
11118
11076
11093
11118
11150
11126
10941
11278
11094
11124
19264
2813
11335
10923
11207
10952
11221
11155
11112
11040
11255
11090
11056
11131
11103
11094
11144
11123
10966
11205
11164
10966
11272
10963
11162
11225
11029
10972
11186
11091
11092
11229
11080
11074
11161
11071
10960
11235
11160
11108
11180
11074
10887
11300
11097
11080
11111
11124
10996
11193
11190
11174
11122
10929
11013
11152
11291
10977
11225
11080
11065
11176
11101
11048
11142
10998
11201
11034
11219
11037
11222
11075
11056
11047
11216
11113
11100
11214
10970
11295
11082
10922
11310
10992
11066
11114
11239
11109
10988
11092
11021
11144
11190
11140
11064
11124
11180
11225
11077
10899
11219
11070
11068
11129
11185
11093
11134
11158
11089
11111
11140
10988
11265
11099
11071
11191
11057
11044
11055
11197
10949
11397
11260
11259
10723
11003
11010
11126
11193
11149
11159
11098
11066
11191
11112
11061
11101
11134
11098
11212
11078
11087
11150
11042
11087
11035
11093
11296
10974
11047
11285
10945
11283
10896
11284
11115
10951
11300
11032
11136
11129
11037
11190
11111
11078
11055
11056
11105
11240
11134
11315
10789
11241
10841
11209
11170
11172
11143
11129
11099
11027
11122
11052
11182
11125
11007
11099
11099
11129
11030
11160
11105
11029
11203
11227
11097
11164
11094
10924
11154
11112
11151
19068
3250
11070
11271
11083
11090
11071
11068
11114
10939
11123
11252
11179
11122
11077
10968
11099
11548
10718
11165
11031
11115
11315
11021
11116
11096
11097
11139
11116
11137
11106
11119
11102
10923
11235
11069
11158
11073
11193
11118
11167
11112
11035
11032
11179
11045
11265
11129
11060
11255
10873
11197
11096
11138
11189
11034
11186
11023
11174
10896
11297
10931
11200
11088
11123
11225
11095
10926
11112
11097
11115
11208
11112
11089
11160
11221
11055
11026
11111
11162
11073
11129
11119
11096
11156
11112
11042
11127
11288
10975
11010
11242
11073
11144
11101
11043
11153
11015
11171
11099
11138
11087
11143
11155
11076
11135
11064
11064
11135
11121
11073
11120
11310
11074
10913
11191
11076
11057
11110
11246
11057
11145
10959
11254
11058
11121
11006
11109
11194
11125
11187
11058
11169
11051
10965
11289
11219
11002
11067
11165
10915
11108
11241
11070
11147
11102
11132
11043
11091
11159
11035
11089
11162
11166
11070
11202
11083
11171
11031
11197
11062
11031
11076
11076
11068
11243
11182
10952
11220
11006
11261
10977
11218
11121
11074
11078
11150
11098
11080
11060
11110
11186
11212
11014
11254
11013
11126
11047
11052
11058
11067
11237
11119
11168
11120
11115
11081
11032
11168
11110
11137
11070
18644
3612
11110
11092
11070
11193
11133
11121
11054
11147
10934
11216
11101
11131
11138
11169
11103
11119
11138
11100
11129
11004
11076
11129
11199
11064
11151
11137
11080
11098
11081
11142
11082
10995
11322
10978
11224
10962
11102
11263
11074
11027
11116
11193
11103
11169
11120
11130
11064
11065
11092
11054
11248
11130
11523
10541
11275
11055
11062
11073
11134
11201
11120
11099
10968
11251
11100
10972
11182
11191
10932
11234
11207
10931
11277
11098
11031
11023
11255
11086
11082
11120
10938
11245
11163
11045
11147
11066
11133
11184
11128
11128
11113
11067
11006
11109
11131
11144
11122
11098
11096
11132
11196
10971
11129
11227
11095
11110
11141
11079
11131
11030
11055
11099
11162
11186
11053
11008
11150
11152
11121
11107
11084
11117
10975
11253
11144
11108
11150
11055
10984
11109
11230
11099
10963
11261
11015
11340
11070
11080
11116
11148
11120
11162
11012
11084
11167
11066
11055
11182
11240
11039
11020
11195
10889
11359
11041
10890
11171
11184
11023
11281
11041
11099
11172
11101
11023
11015
11210
11138
11071
11099
11169
11150
11115
11067
11010
11177
11114
11055
11290
11069
11148
11028
11078
10990
11207
11231
11080
10897
11329
11127
11089
11077
11178
11131
11057
11151
11385
11123
10816
11046
18294
3864
11058
11336
11056
11144
11022
11185
11068
11070
10952
11227
11151
11125
11025
11260
11133
11071
11067
11029
11166
11177
11074
11090
11030
11105
11243
11082
11086
11127
11119
11145
11046
11185
11082
10917
11235
11141
11153
11228
11050
11124
10967
11308
11108
10997
11135
11099
11248
11001
10941
11311
11153
11105
11030
11097
11193
11045
11108
11040
11133
11209
11080
11055
11142
10951
11305
11037
11211
11002
11225
11093
11048
11014
11155
11150
11061
11169
11197
11105
11095
11047
10988
11157
11207
11056
11147
11169
10959
11222
11118
10967
11175
11246
11008
11125
11153
10992
11220
11078
11090
11111
11225
11095
11003
11198
11130
11089
11042
11125
11128
11145
11113
11034
11181
11155
11133
11018
10993
11026
11327
11043
11135
11136
11163
11104
11064
11122
11089
11066
11245
10999
11163
11098
11087
11152
11105
11116
11099
11110
11085
11207
11299
10963
10868
11129
11222
11111
11149
11008
11345
10877
11475
10822
11111
11067
11144
11049
11136
11006
11300
11063
11083
11006
11141
11162
11153
11135
11072
11163
11119
11066
11148
11113
11030
11217
11038
11068
11181
11099
11090
11080
11219
11004
11094
11109
11056
11182
11158
11091
11111
11095
11031
11148
11169
11099
11163
11124
11052
11115
11153
11007
18959
3260
11136
11185
11124
11055
11105
11100
11154
11147
10873
11264
11208
11117
11031
11011
11077
11295
11115
11037
11122
11157
11134
11079
11095
10977
11123
11199
11090
11175
11118
11043
11187
10960
11588
10967
10860
11130
11154
11050
11104
11092
11183
10960
11188
11147
11037
11038
11325
11102
11076
10983
11214
10979
11281
11115
11101
11159
11177
11100
10988
11126
10991
11160
11138
11145
11136
11134
11102
11097
11127
10959
11263
11089
11095
11142
11140
11066
11123
11139
10936
11115
11310
11097
11053
11116
10939
11143
11089
11118
11159
11112
11184
11137
11112
11130
11089
11092
10996
11090
11209
11129
11174
11096
11040
11179
10936
11359
10928
11131
11069
11229
11094
11134
11134
11055
11013
11247
11107
11092
11145
11149
11049
11113
11047
11171
11116
11074
11093
11175
11193
10927
11171
10982
11034
11275
11150
10971
11303
11107
11101
11107
11063
11083
11134
11111
10966
11221
11202
11036
11213
11002
11177
11060
11481
11117
10809
11109
10949
11093
11196
11050
11230
11145
11074
11133
11099
11116
11088
11065
11110
11120
11202
11099
11091
11106
11123
11101
11037
11292
11320
10756
10959
11320
11093
11131
11125
11011
11137
10969
11255
11194
11156
11103
11069
11072
11069
11132
11198
10978
11179
11144
18524
3643
11121
11135
10895
11239
11140
11077
11226
11062
11073
10979
11249
10982
11300
11034
11168
11174
11074
11163
10892
11214
11102
11138
11076
11010
11346
10936
11191
10954
11111
11213
11209
11038
11136
11114
10968
11187
11052
11068
11052
11159
11213
11086
11211
11078
11046
11204
11000
11230
10972
11236
11101
11177
11114
11068
11141
11071
10967
11241
11106
11205
11036
11181
11061
11013
11101
11106
11273
10996
11201
11121
11069
11092
11128
11070
11048
11247
10998
11200
11025
11129
11159
11119
11073
11079
11101
11156
10982
11322
11091
11044
11153
11072
11084
11166
11011
11498
10943
11044
11049
11143
11082
11086
11144
11031
11196
11028
11231
11047
11156
10873
11266
11131
11115
11185
11124
11096
11094
11130
11049
11111
11149
10874
11166
11278
11077
11158
11094
11081
11127
11075
11151
11090
11186
11040
11083
11173
11062
11115
11092
11202
10997
11324
10931
11220
11030
11156
11060
10904
11220
11114
11168
11168
11129
10928
11180
11205
11005
11173
11077
11214
11068
11107
11167
11043
10944
11259
11148
11034
11234
11076
11048
11170
11065
11091
11092
11146
11173
11099
11125
11105
11122
11050
11071
11136
11127
11006
11275
10867
11310
11142
11130
10940
11241
11044
11093
11143
11200
11106
11118
11094
19213
2914
11103
11103
11259
11061
11044
11119
11149
11135
10897
11128
11247
11179
11125
11068
11145
11088
11048
11206
10975
11246
11160
11072
11091
11137
11053
11012
11126
11244
10972
11160
11132
11097
11032
11232
11047
10979
11320
11078
11079
11192
10903
11276
11118
11009
11163
11044
11186
11166
11075
11116
11127
11116
11054
11127
11060
11187
11139
11109
11038
11175
11128
11115
11071
10943
11259
11143
11090
11153
11095
11124
11036
11126
11042
11213
11105
11151
11109
11120
11064
11060
11115
10989
11285
11141
11069
11099
11002
11275
11104
11082
10986
11227
11118
11115
11083
11203
11044
11065
11173
10974
11236
11099
11074
11143
11155
11123
10996
11076
11060
11094
11207
11143
11129
11107
11125
11073
11119
11132
11104
11222
11042
11088
11133
11104
11079
11076
11209
11063
11198
11088
10953
11267
11075
11203
11028
10921
11177
11143
11092
11114
11149
10985
11246
11077
10981
11262
11169
11113
11050
11086
11145
11145
11076
11061
11059
11138
11151
11116
11181
11066
11121
10995
11097
11254
10965
11270
11103
11128
11105
11059
11072
11053
11247
11085
11051
11167
11173
11074
11118
10933
11189
11089
11199
11180
11092
11101
11097
11066
10993
11109
11215
11174
11153
11050
11129
11084
11089
11112
10956
11221
19016
3253
11054
11207
11107
11093
11061
10998
11252
11098
10994
11222
11162
11094
11025
11168
10972
11191
11223
11131
11071
10970
11307
11030
11093
11043
11212
11194
11092
10956
11095
11266
11046
10976
11114
11263
11163
11082
11095
11148
11114
11062
11106
11050
11119
11179
11123
11032
11151
11175
11060
11071
11149
11180
11228
10989
10883
11145
11272
11081
11108
10974
11156
11143
11199
11011
11239
10973
11166
11081
10974
11162
11163
11144
11116
11144
11147
11067
11128
11115
11098
11168
11121
11075
11085
11164
11090
11049
10978
11262
11192
11069
11080
11133
11122
11000
11145
11147
11084
11069
11204
11125
11092
10982
11180
11144
10981
11223
11080
11131
11127
10965
11373
11043
11118
10949
11296
11108
11107
11099
11171
10941
11376
10800
11326
11032
11142
11075
11086
11154
11168
11030
11093
11087
10930
11318
11178
11073
11154
11100
11048
11100
11132
11120
11178
11098
11047
11171
11094
11094
11072
11110
11088
11135
11144
11055
11157
11144
11078
11119
11022
11135
11197
11110
10998
11250
11097
10951
11250
11050
11121
11150
11121
11044
11492
10792
11078
11104
11111
11085
11019
11255
11105
11176
11064
11093
11106
11035
11175
11119
11085
11125
11146
11109
10978
11192
11120
11307
11307
10660
11042
11270
18604
3610
11048
11107
11144
11191
11095
11019
11163
11145
11089
11103
11051
11140
11053
11132
11087
11154
11154
11129
11146
10923
11085
11320
11117
10902
11276
11182
11080
11072
11089
10940
11221
11046
11222
11158
11143
11080
11049
11074
11135
11156
11116
11065
11199
11072
11119
11102
11102
11098
11190
11085
11107
11140
11072
11106
11028
11197
11067
11124
11137
11139
11122
11076
11118
11082
10967
11204
11167
11140
11073
11129
11104
11062
10954
11331
11053
11144
11089
11062
11197
11105
11105
11098
11056
11130
11219
11046
11092
11138
11104
11099
11143
11115
11072
11158
11123
10995
11202
11003
11139
11132
11142
11044
11118
11184
11101
11055
11107
11111
11160
11077
11130
11056
11144
11084
11202
11075
11104
11112
11107
11124
11073
11065
11137
11209
11112
11062
11101
11116
11092
11119
11167
11086
11193
10995
11075
11093
11142
11110
11275
10945
11047
11163
11117
11059
11195
11098
11049
11084
11194
11111
11100
11160
11029
11116
11200
11033
11168
11122
11100
11118
11132
11054
11464
10823
10997
11096
11116
11007
11428
10996
11096
11156
11092
11083
10994
11128
11139
11201
10956
11254
11129
11121
11079
11012
11135
11104
11172
11146
11084
11133
11030
11180
11073
11020
11131
11244
11097
11087
11091
11218
19066
3043
11180
10936
11273
11112
11069
11101
11241
11007
11117
11050
11085
11175
11143
11065
11164
11122
11061
10998
11081
11268
11133
11077
11075
11152
11114
11122
11123
11084
10959
11323
11061
11126
11113
11110
11039
11157
11114
10959
11246
11159
10963
11210
11130
11098
11085
11053
11199
11157
11083
11057
11178
11038
11132
11061
11100
11088
11223
11151
11098
10951
11258
10933
11297
11116
11025
11195
11112
11105
11102
11083
11117
11098
10985
11251
10997
11220
11070
11160
11097
11113
11136
11060
11169
11087
11063
11144
11149
11160
11073
11056
11105
11164
11126
10995
11146
11117
11158
11095
11107
11126
10994
11231
11152
11055
11117
11117
11072
11089
11131
10988
11270
11112
11078
11144
11106
11121
11112
11044
11152
11154
10991
11192
11088
11125
11133
11090
11137
10960
11239
11094
11200
11062
11163
11055
10949
11279
11101
11105
11060
11125
11075
11079
11136
11157
11095
11141
11183
11027
11096
11117
11154
11124
11103
11070
11109
11053
11234
10976
11177
11160
11127
11047
11092
11076
11249
11076
11112
11040
10999
11277
10998
11197
11153
10992
11245
11063
11040
11197
11131
11063
11080
11020
11185
11178
11079
11143
11094
11140
11117
10946
11120
11190
11205
11069
11055
11139
11131
11071
11114
11117
18863
3310
11214
11106
11086
11134
11099
10984
11206
11150
11120
11059
11078
11123
11213
11056
11048
11120
11214
11078
11057
11072
11136
11185
11229
10973
11019
11136
11108
11175
11096
11120
11127
11122
11122
11014
11139
11129
11137
11145
11084
11028
11280
10998
10977
11224
11169
11084
11064
11153
11074
10991
11221
11112
11121
11067
11368
10888
11087
11184
11152
10952
11062
11185
11126
11142
11118
11115
11095
11176
11105
11097
11140
11136
11061
11077
11113
11128
11118
11067
11163
11134
11097
11089
11143
11096
11058
11159
10924
11280
11031
11239
11087
11189
11054
11067
11137
11079
11099
11067
11132
11007
11271
11103
11106
11141
11032
11057
11165
11114
11111
11054
11222
11109
11135
10970
11099
11177
11223
11042
11134
10977
11195
11171
10941
11258
11093
11205
11017
11130
11084
11117
11143
11079
11078
11183
11106
11072
11097
11155
11121
11108
11087
11058
11167
11184
11040
11134
11093
11083
11164
11035
11154
11155
11082
11114
11122
10882
11279
11150
11053
11162
11143
11161
10994
11156
11117
11119
11081
11095
11091
11187
11005
11127
11177
11069
11110
11169
11078
11090
11126
11131
11087
11150
11082
11094
11130
10951
11206
11130
11188
11070
11099
11039
11269
11048
11111
10913
11325
10998
11212
11088
18509
3772
11111
11057
11061
11167
11089
11114
11078
10985
11340
10916
11243
11069
11178
11166
11060
11096
11119
11092
11128
11046
11130
11205
11088
11041
11122
11124
11081
11154
11079
11130
11084
11116
11033
11242
11075
11116
11207
11037
11026
11152
11197
11000
11082
11151
11107
11129
11095
11097
11219
11071
11008
11205
11072
11131
11178
11053
11048
11142
11138
11094
11238
10983
11090
11136
11126
11032
11197
11125
11125
11070
11095
11092
11156
11103
11060
11143
11149
11136
11078
11096
11103
11128
11131
11068
11093
11192
11055
11062
11096
11127
11145
11128
11064
11166
11117
11103
11131
11109
11080
11170
11043
11030
11197
11158
11082
11101
11137
11062
11122
11106
11080
11114
11030
11081
11300
11063
11085
11199
11068
11116
11002
11192
11064
11053
11248
11098
11137
11095
11045
10963
11366
11066
11131
11109
11091
11159
11069
11087
11099
11173
11074
11001
11185
11082
11216
11083
11041
11005
11236
11025
11153
11081
11041
11289
10898
11268
11155
11057
11093
11139
11077
10996
11345
11081
11069
11121
11088
11022
11254
11084
11127
11158
11077
11074
11133
11150
11079
11150
11066
11105
11075
11171
11018
11179
11072
11049
11167
11160
11060
11166
11116
11055
10971
11256
11005
11251
11147
11076
11152
11080
19094
3158
11007
11184
11027
11176
11103
11113
11094
11099
10959
11323
11097
11053
11155
11078
11157
11119
11073
10993
11267
11094
11135
11069
10961
11264
11173
11008
11149
11144
11033
11219
11085
11006
11207
11149
11005
11182
11048
11155
11077
11142
11032
11168
11137
11097
11086
11085
11016
11269
11110
11096
11172
11091
11091
11074
11125
11050
11165
11109
11103
11177
11101
11104
11120
10998
11125
11052
11208
11066
10977
11349
11067
10976
11040
11150
11305
11069
11080
11178
11056
11106
11143
11105
11124
11112
11131
11039
11062
11193
11108
11066
11130
11169
11125
11130
11067
11138
11105
11041
10975
11275
11097
11164
11061
11157
11035
11196
11101
11102
11102
11101
11158
10944
11247
11141
11103
11077
11103
11202
11003
11241
10983
11105
11163
10923
11290
10959
11200
10958
11269
11132
11120
11145
11129
11113
10939
11123
11166
11204
11115
11072
11186
11056
11126
10898
11080
11227
11042
11184
11199
11061
11160
10972
11080
11261
11106
11064
11224
11070
11103
11155
11108
11053
11103
11165
11142
11145
10937
11241
11064
11134
11086
11213
11001
11128
11074
11113
11159
10912
11334
11076
11037
11115
10990
11141
11209
11098
11193
11046
11124
11110
11058
11209
10957
11208
11136
11146
11053
11157
11073
11104
18804
3390
11106
11150
11130
11052
11104
11126
11127
11183
11036
11149
11117
11070
11128
11167
11057
11074
10982
11223
11171
11108
11119
11092
11124
11087
11108
11157
11109
11129
11133
11086
11101
11012
11045
11232
11152
11121
11061
11114
11200
11038
11041
11232
11030
11076
11057
11208
11147
11129
11088
11125
11056
11098
11092
11198
10903
11278
11082
11093
11185
10974
11052
11088
11197
11209
11076
11117
11107
11132
11017
11074
11175
11138
11117
11173
11121
11086
11078
11021
11186
11163
11127
11030
11154
11056
11177
11127
11107
11065
11143
11127
10993
11248
11053
11113
11109
11153
11017
11012
11303
11064
11071
11042
11134
11151
11187
11065
11093
11044
11206
11290
10912
11134
11098
11171
11085
11134
11004
11210
11113
11048
11171
11133
11052
11184
11096
10986
11105
11244
11147
10982
11079
11174
11072
11161
10986
11221
11179
11054
11105
11080
11115
11084
11214
11080
11095
11079
11185
11106
11144
11103
11054
11155
11083
11016
11183
11143
11035
11156
11188
11008
11133
11181
11104
11096
11020
11156
11159
11091
11087
11093
11052
11203
11082
11126
11148
11099
11191
10993
11101
11050
11149
11096
11338
10925
11142
11138
11045
11116
11143
11101
11140
11093
11065
11123
11059
11087
11166
11174
11080
11109
18465
3754
11108
11173
10922
11281
11136
11092
11152
11100
11046
11148
11050
10949
11367
11017
11082
11187
11096
11110
11142
11095
11104
11050
11089
11185
11097
11092
11079
11198
11104
10940
11251
11164
11092
11093
11114
11067
11321
10911
11083
11154
11136
11037
11088
11119
11123
11004
11306
10919
11209
11162
11157
11024
11167
11079
11128
11074
11149
11090
11131
11066
11066
11229
11133
11128
11089
10936
11140
11141
11165
11125
11088
10956
11316
11134
11023
11163
11026
11074
11197
11168
11054
11197
11092
10898
11289
11058
11126
11119
11113
11193
11065
11118
11068
11160
11039
11113
11141
11087
11188
11079
11112
11057
11047
11702
10544
