37475
4310
1998
32750
1433
4667
1709
22861
8863
3526
9619
10980
11524
11050
11056
10769
11517
10889
12494
9756
10852
11716
11075
10902
11130
11111
10713
11187
25904
1382
6551
11037
10941
11201
11047
10986
11226
11035
10902
11635
11082
10837
11268
11180
10828
11215
11104
10731
11797
10587
11006
11213
11367
10962
11211
11081
11082
11257
11140
10897
11269
25345
1988
5861
11119
11285
10954
11386
11048
10918
10852
11758
10656
11220
10952
10919
11567
11382
10661
11595
10758
10664
11487
13416
8905
11550
10705
10887
25641
1552
6114
11252
11320
10751
11521
11031
10982
12353
9629
10890
11268
11116
10970
11577
11243
10844
11213
11544
10435
11196
11203
10910
11527
10655
11199
11327
10808
11226
11271
11989
10079
11070
11033
10980
11206
11423
10912
11220
11009
11068
11583
11048
10568
25973
2367
5020
11267
10972
10985
11199
11227
11245
11314
11739
10280
11398
10599
10992
11733
11595
10421
11165
11137
10901
11245
25228
19546
1556
3314
5938
11016
13806
8543
10921
11733
10405
10860
11627
11087
10841
11333
11083
10702
11430
11112
10911
11547
25849
1400
23666
1597
3243
10600
10973
11133
11462
11653
10330
11225
10752
11189
11256
10965
10999
11577
12599
9654
11080
11078
10919
34000
1707
3037
5707
11303
11124
11224
11087
10928
11625
10654
10939
11350
11193
10860
11225
11207
11002
10866
11344
10884
11211
11409
11037
25613
1941
5386
11213
11125
11109
11092
11855
10527
11259
11127
10837
11033
11070
11055
11499
11200
10615
11205
11143
10972
11188
11617
10862
11321
11053
11112
11090
11070
11085
11148
11040
10786
11666
25823
1560
24490
1676
3394
9261
11038
11111
11110
11359
11067
11249
11142
10911
10949
11305
10849
11469
11200
11014
11224
11059
10930
25635
19582
1693
3094
5819
11022
11020
11221
11075
10953
11028
11105
11148
11461
11163
10915
11052
11165
10651
11881
10820
11050
25836
19481
1460
3537
5229
11034
11132
10686
11559
11244
10606
11573
11090
10949
11225
10783
11029
11515
11004
11131
11441
10782
11256
25305
1477
6419
11170
10913
11452
11036
11013
11235
11072
10979
10950
11349
10946
11391
11228
10890
11158
11074
10930
11167
11276
10837
11430
24901
1961
6403
11066
10752
11283
11099
11224
11067
11487
10881
11146
10952
10880
11330
11338
11024
11272
10894
11188
11183
11151
10900
24730
1784
6956
11156
10776
11364
11222
10997
10792
11262
11370
11000
11281
11126
10917
11321
11018
10735
11328
11258
10854
11477
24446
1623
7198
11026
11053
10885
11668
18768
2972
11406
11019
12828
9743
10684
11135
10956
11287
11269
11119
10971
11221
11017
10878
24391
1625
7249
11439
11095
10961
11194
10897
10973
11230
11344
10953
11370
11091
10572
29489
1759
2904
10431
11150
11189
11406
24702
1520
7054
11041
10815
11263
11073
11024
11519
11093
10873
11338
11070
10699
11187
30308
1604
3780
9053
10993
11236
11136
10657
11267
11170
11164
11322
11112
10942
11251
11089
10995
10943
11230
11119
11382
11136
10942
29994
1683
3076
9571
11131
11131
11352
11040
11002
11261
11016
10887
11195
11193
10917
11315
11185
10933
11243
11158
10879
11245
11178
10906
11326
11113
11073
11229
11028
11017
10958
11078
11172
11414
11089
10929
11216
11081
10710
11334
11115
11143
11470
11196
10843
11193
11073
10984
10905
11159
11286
11281
11093
10958
11173
10839
11011
11144
11176
11084
11468
11080
11013
11292
11058
10981
11158
10856
11129
11442
11061
11013
11274
11065
10974
11053
11134
11049
10860
11614
10898
11210
11082
11027
10913
11133
11074
11494
11218
10858
11241
11121
10957
11219
11001
11022
11537
10988
10848
11355
11043
10850
11252
11118
11046
11442
11075
10880
11280
11089
11049
11183
11123
10973
11385
11055
10884
11249
10990
11042
11288
11075
10826
11363
11209
10904
19033
3148
11146
11300
11091
10742
11606
11128
10863
11239
11059
10972
11264
10953
10956
11434
11223
10843
11207
11167
10957
11085
11113
10974
11326
11088
11092
11143
11237
10989
11357
10957
10876
11437
11095
10907
11242
11132
10992
11252
10969
10996
11513
11133
10871
11308
10987
10934
11287
10950
10945
11494
11153
10926
11210
11050
10965
11198
11023
11016
11515
11037
10926
11301
11063
10938
11339
11040
10780
11498
11141
10962
11266
11042
10961
11325
10831
10989
11385
11060
11041
11264
11022
11072
11222
11011
10778
11704
11065
10890
11274
11080
10974
11215
11197
10922
11213
11175
10963
11241
11086
10966
11251
11025
10913
11460
11168
10608
11373
11256
10919
11243
11086
10791
11613
11076
10903
11301
11059
10813
11427
10921
11132
11380
11108
10865
11305
10998
11005
11256
10911
11034
11293
11259
10919
11260
11142
10882
11326
11073
10987
11344
11168
10783
11203
11181
10941
11264
11137
10892
11394
11153
10900
11211
11054
11055
11129
11131
10984
11452
12994
9220
11077
10984
11013
11317
11059
10853
11419
11101
10862
11298
11074
10892
11302
11141
10868
11424
11093
10973
11072
11278
10974
11255
11028
10923
11476
11304
10671
11362
10887
11047
11142
11240
10789
11505
11128
10948
11045
11257
11000
11185
18500
3470
11474
11170
10876
11299
11054
10931
11272
11145
10902
11440
11050
10929
11223
11183
10912
11236
11064
10915
11414
11109
10968
11191
11003
11056
11284
11057
10932
11301
11262
10959
11259
10978
11027
11043
11270
10694
11405
11273
10977
11250
10809
11205
11276
11034
10939
11405
11071
10806
11426
11060
10935
11236
11088
10993
11228
11331
10784
11268
10944
11157
11234
11148
10883
11301
11200
10968
11227
11181
10846
11261
11141
10883
11138
11345
10936
11264
11082
10970
11237
11160
10920
11202
35403
1951
2933
4162
11168
10911
11250
11107
10989
11316
11123
11120
10767
11462
11017
10972
11275
10982
11127
11274
10965
10975
11343
11094
11034
11112
10989
11211
11316
10836
11185
11211
11129
10914
11096
11223
11017
11300
11134
10963
11265
11048
10988
11037
11122
11213
11203
11166
10872
11418
11049
10984
11173
11062
11118
11182
11019
11048
11288
11027
10966
11245
11003
11078
11302
10903
11151
11231
11136
10771
11581
10820
11076
11309
11194
10673
11401
11258
10961
11195
11065
11041
11358
11054
10956
11234
11123
10912
11240
10986
11147
11278
11027
11018
11227
11068
10989
11028
11124
11339
11247
11025
10917
11293
11082
10947
11200
11039
11119
11358
10941
11024
11323
11101
10948
11188
11121
11157
21142
2141
9882
11096
11296
10918
11182
11075
11165
11139
11233
10930
11283
11022
10969
11223
11132
11050
11299
11070
10930
11294
11064
10965
11084
11139
11110
11307
10894
11146
11227
11145
10932
11206
11017
11084
11258
11101
10955
11308
10997
11058
11188
11025
11088
11336
11045
11121
11208
11157
10842
11199
11028
10990
11707
10831
10983
11205
11051
10994
11226
11041
11180
11173
11186
10880
11239
10986
11062
11301
11272
10906
11293
11074
10849
11153
11053
11069
11161
11089
11059
11226
11309
10850
11324
11123
10899
11165
11123
11065
11406
11014
10944
11284
11083
10926
11253
11221
10784
11244
11083
11163
11316
10834
10943
11470
11084
10985
11305
11164
10750
11423
11044
10978
11217
11056
10827
11592
11031
11144
11366
11029
10721
11180
10947
11110
11260
11037
11179
11211
11077
10969
11251
11208
10949
11240
11054
11004
11227
11129
10921
11261
11078
10834
11556
11169
10857
11053
11058
10975
11218
11337
11018
11262
11159
10755
11399
10806
11298
11302
10841
11112
11350
11166
10884
11220
11119
10925
11261
11167
10843
11239
11048
11155
11208
11122
10825
11361
11146
11059
11211
11138
10894
11313
11018
10963
11146
11237
10972
11576
11041
10860
11034
11336
10715
11196
11053
11036
11380
11040
11103
11246
18723
3111
11368
11069
11128
11270
11175
10762
11276
11163
10957
11282
10972
11024
11363
11206
10926
11090
11026
11023
11199
11278
11109
11122
11165
11061
10934
11323
10823
11381
11137
10794
11508
11066
10789
11442
11013
11003
11248
11325
10707
11131
11063
10940
11501
11124
10901
11222
11133
10808
11425
11106
11008
11289
11067
10992
11231
11093
10894
11236
11268
10992
11281
11078
10749
11327
10942
10972
11390
11211
10939
11289
11165
10899
11259
11101
10890
11203
11306
10840
11469
10838
11052
11142
11268
10964
11262
11293
10674
11170
11088
10974
11332
11216
10879
11285
10958
11107
11467
11008
11047
11149
11113
10951
11070
11260
11096
11221
11105
11003
11260
11127
10717
11380
10943
11126
11312
11061
10984
11265
11108
10837
11365
11171
11003
11250
11077
10763
11472
11028
10920
11425
11093
11031
11256
11122
10843
10999
11141
10932
11332
11197
11031
11332
11061
10813
11265
11124
10882
11361
11133
11067
11268
11024
11055
11251
11070
10859
11465
11033
11001
11048
11116
10981
11392
11189
10861
11205
11263
10967
11212
11129
10912
11276
11014
10977
11394
11168
10910
11249
11104
11027
11142
11161
10886
11175
10960
11184
11368
10900
11059
11273
11150
10936
11213
11254
10978
11233
11131
10898
11183
11128
18300
3826
11129
11016
11369
11138
10969
10950
11143
10992
11177
11387
10935
11270
11148
10813
11239
11201
10881
11262
11238
10969
11297
11097
10853
11269
10949
11093
11244
11382
10544
11236
11141
10885
11367
11370
10810
11283
11202
10970
11252
11092
10949
11243
11127
10898
11250
11184
10960
11309
11095
10974
11303
10916
11096
11119
28253
1867
3359
11047
10836
11317
11205
10805
11354
11214
10993
11296
11025
10954
11213
11165
10959
11144
11120
10929
11424
11057
10893
11136
28505
1754
3571
10769
11055
11266
11174
10897
11168
10994
10964
11229
11196
10845
11357
13488
8882
10913
11110
10976
11312
11027
10940
30193
1700
3280
9179
11409
10948
11211
11175
10985
11342
11161
10740
11340
11069
10920
11224
11250
10920
11383
10998
10862
11682
11064
10828
11133
11030
11041
11418
11100
11015
11146
11110
10951
11180
11102
10940
11482
11067
10932
11200
11147
10997
11226
11033
11112
11343
11069
10937
10936
11156
11001
11194
11143
11309
11168
11081
10790
11375
11156
10932
11259
11014
11133
11225
11134
10938
11221
28351
1793
3548
10641
10889
11349
11147
10822
11450
11140
10959
11194
11086
11055
11303
11169
10929
11237
11130
10907
11181
11046
11096
11344
11050
10945
11319
11138
10787
11250
10859
11192
19343
2937
11140
11113
11282
10923
11240
11064
11079
11335
11070
10790
11326
11024
11049
11275
11036
10984
11676
10861
10948
10993
11101
10873
11377
11057
11104
11325
11209
10977
10952
11196
10895
11321
11121
10972
11472
10987
10971
11388
10798
10984
11372
11077
11015
11223
11077
10858
11207
11395
10944
11240
11003
11111
11307
11091
10897
11252
10957
11013
11266
11123
10983
11366
11135
10888
11449
11150
10806
11164
10948
10987
11389
11168
11048
11162
11016
11049
11238
11078
11060
11064
11340
10873
11285
11133
10920
11196
11087
11055
11379
26544
1728
4797
11053
11079
11186
11037
11242
11329
11108
10852
11279
11160
10706
11458
10850
11139
11387
11157
10838
11236
11124
10985
11246
11072
10857
11276
11055
11028
11414
11267
10844
11204
11060
10948
11404
10986
11034
11039
11136
10992
11344
11012
11025
11306
11290
10660
11476
11118
10953
10928
11174
11022
11367
10904
11139
11353
11092
10930
11226
11109
10981
11351
11113
11128
11086
11123
10927
11136
11172
10894
11594
11034
10950
10938
11067
10985
11328
11048
10996
11336
11204
11006
11196
11107
10951
11102
11223
10958
11338
11213
10972
11155
11128
10943
11330
11042
10855
11215
11124
10942
11376
11112
10933
11260
11076
10997
11287
11183
10948
11249
18710
3151
11332
11105
10943
11344
11090
10821
11478
11138
10938
11177
10849
11015
11382
11160
11022
11353
11162
10798
11303
11125
10919
11349
11179
10723
11240
11105
11111
11261
11079
10960
11452
10963
11025
10964
11157
10935
11262
11082
11168
11262
11227
10850
11078
11217
10900
11348
11085
10956
11303
11184
10898
11286
11115
10865
13532
9160
10739
11169
11098
10694
11650
11076
10896
11361
11049
10965
11287
11137
10895
11277
11159
10902
11273
11016
10948
11393
11074
10939
11406
11088
10745
11419
10859
11035
11357
11033
11047
11356
11083
10802
11399
11083
10772
11385
11225
10792
11343
11079
11077
11215
11023
10966
11390
11112
11029
11024
11041
10968
11195
11291
11017
11205
11082
11056
11327
11121
10936
11167
11201
10871
11226
11267
10892
11305
11100
10955
11332
11025
10994
11119
11134
10900
11431
11142
10966
11201
11053
10991
11310
11183
10897
11223
11172
10885
11288
11103
10931
11192
11193
10942
11406
11012
11007
11225
10940
10871
11274
11108
11153
11221
11236
10769
11382
11086
10981
11212
11202
10930
11320
11105
10913
11258
11135
10897
11232
11169
11009
11140
10954
11046
11376
11073
10967
11274
10980
11022
11263
11179
11015
11217
11138
10725
11477
11003
11040
11355
11092
10911
11273
11106
18257
3901
11129
10787
11573
11141
10950
11166
11051
11084
11141
11275
10805
11360
11188
10925
11111
11210
10920
11204
11181
11036
11073
11315
10966
11085
11009
10952
11228
11209
11097
11341
11040
11049
11108
11128
10979
11399
10954
11034
11305
11080
10969
11245
11046
10930
11332
11081
11122
11046
10978
11011
11215
11255
10987
11262
11206
10936
11241
11171
10926
11219
11123
10970
11095
11122
11147
11237
11174
10743
11415
11070
10950
11252
11078
10841
11485
11035
10997
11266
11048
10959
11277
10963
11158
11290
11119
10854
11270
11081
10788
11448
11485
10559
11695
10805
11043
11014
10983
11089
11180
11103
11105
11613
10851
10897
11313
10941
11071
11251
11031
10965
11459
11091
10974
11201
11065
10967
11305
11176
11044
10968
11085
10967
11240
11207
10998
11229
11096
11001
11286
11110
10960
11315
11045
10957
11201
11063
10987
11347
11027
11137
11194
11124
11027
11012
11187
10872
11433
11106
10990
11285
11043
10940
11412
10924
11020
11244
11145
10972
11278
11086
10928
11218
11130
11044
11269
11167
10987
11153
10851
11015
11213
11178
11077
11363
11101
10981
11201
11043
10981
11305
11051
11047
11314
11145
10884
11241
11117
10937
11188
11257
11007
11086
11021
11002
11208
11227
11059
11224
10835
11120
19346
2949
11121
11351
10963
10942
11299
10984
11105
11416
11017
11002
11206
11086
10943
11216
11230
10721
11452
11166
10903
11045
11302
10934
11211
11089
11274
11159
11021
10966
11288
11045
11004
11247
11085
10913
11451
11092
10949
11290
10817
10984
11297
11036
10987
11698
10930
10958
11228
11019
10987
11191
11097
11011
11212
11229
10796
11474
10946
10872
11433
11103
10878
11324
11030
10938
19101
3176
11062
11395
11055
11033
11385
10878
11017
11098
11337
10935
11276
11064
10841
11434
11182
10971
11229
11076
11009
11115
11071
10833
11446
10978
11116
11361
10850
11214
11168
11076
11030
11489
11052
10896
11230
11033
10990
11217
11078
11035
11316
11076
10793
11453
10826
10942
11164
11238
11128
11314
11149
10877
11125
11144
11071
11197
11120
10929
11490
10997
10989
11067
11306
10881
11261
11116
10851
11309
11100
10974
11141
11231
11056
11223
11141
10901
11361
10925
11162
11244
11120
10957
11215
11075
10912
11383
11115
10817
11481
11037
11010
11171
11033
10848
11286
18768
3206
11546
11098
10734
11185
11260
11024
11327
11088
10953
11273
11135
10858
11310
11173
10846
11431
11112
10940
11210
10872
10935
18745
3631
11070
11378
11145
10721
11453
10956
11111
11118
11223
10736
11615
11057
11016
11243
18712
3379
11033
11390
10783
11244
18158
3883
11177
11261
11062
11221
10887
11137
11479
11006
10967
11305
10977
11006
11254
11061
10962
11421
11053
10933
11280
11047
11015
11165
11089
10781
11295
11287
10953
11064
11360
10950
11210
11071
10972
11317
11223
10922
11285
11058
10886
11282
11142
10870
11258
11381
10841
11354
10754
11007
11222
11073
10967
11519
11000
11076
11207
11137
10758
11419
11085
11073
11141
11258
10951
11284
11044
10914
11224
11128
10855
11384
11015
11000
11923
10883
10364
11397
11064
10983
11314
11009
11039
11335
10988
10885
11372
10974
11093
11194
11277
10911
11221
11215
10950
11217
11076
10808
11350
11189
11002
11409
10974
10904
11248
11041
11061
11125
11198
11055
11344
11011
10989
11223
11049
10875
11345
11068
11132
11148
10993
10866
11187
11153
11184
11284
11150
10989
11314
11108
10761
11434
11046
10920
11302
11155
10963
11232
11096
10915
11329
11031
10985
11137
11177
11077
11350
11068
10954
11329
11055
11061
11310
10763
11107
11287
11148
10955
11285
11017
10936
11323
11230
10809
11443
11019
10996
11203
11056
10738
11330
11037
11247
11289
11066
11001
10972
11300
10923
11150
11314
10852
11438
11063
11012
11180
11112
10904
11495
10936
11056
11371
12775
9207
10905
11277
18251
3959
11147
10823
11509
11104
10965
11175
11038
10856
11361
11175
11031
11221
11088
10972
11259
11199
10845
11282
11001
10929
11360
11182
10852
11359
10980
10911
11379
11163
10875
11456
11023
10977
11229
11082
10900
11284
11168
10993
11365
11064
10962
11182
10953
10809
11365
11194
11010
11317
11176
10947
11273
11035
10921
11252
11261
10889
11185
11237
10986
11240
11097
10867
11298
11047
11064
11366
10773
10951
11292
11132
11041
11268
11257
10945
11294
10861
11141
11177
10859
11127
11280
11202
11045
11163
11049
11019
11328
11141
10876
11300
11095
10945
11133
11274
10717
11535
11090
10789
11328
11142
11053
11419
10738
11109
11332
11027
10936
11251
11083
11027
11465
11090
10872
11074
11182
10765
11275
11134
11077
11374
11189
10811
11379
11048
10889
11296
11044
11049
11340
11087
11024
11177
10921
11104
11288
11104
11030
11387
10750
10973
11244
11080
10991
11384
11125
11041
11200
11028
10982
11382
11006
11056
11138
11110
10991
11339
11123
10860
11249
11149
10860
11640
10786
10903
11283
11199
10893
11177
11262
10936
11163
11239
10978
11319
11114
10989
11272
11037
10918
11260
10971
11086
11375
11183
10840
11319
10849
10945
15311
7075
11055
11373
11189
10807
11317
10999
10952
11145
11140
11134
19213
3112
11000
11186
11141
10817
11370
11250
10927
11410
10762
10966
11182
11144
11192
11255
11002
10960
11471
11078
10861
11082
11547
10627
11154
11246
10883
11442
13038
8945
11343
11109
10831
11408
11034
10868
11031
11429
10895
11266
10972
11123
11202
10965
11245
11285
11090
10856
11332
11039
11021
12192
10099
11125
11288
11164
10880
11280
11013
10783
11203
11229
10962
11374
11190
10866
11298
10919
11174
11147
11181
10975
11148
11287
10901
11313
10994
10920
12278
10102
11011
11487
10824
10878
11488
10864
11141
11237
11125
10905
11409
11089
10950
11296
11067
10814
11353
11092
10872
11268
11312
10847
11304
11233
10843
11236
11080
10889
11047
11400
10968
11367
11060
10659
11513
11117
10789
11486
11136
11068
11137
10969
11034
11268
11123
10883
11291
11224
10858
12429
9992
10754
11314
11113
10936
12289
10357
10868
11311
11085
10919
11226
11185
10741
11347
11362
10794
11158
11118
11001
11292
12221
9877
11356
10882
10945
11340
10986
11090
12156
10241
11106
11239
11053
11025
11186
11403
10402
11479
11089
10983
11301
11110
10824
12626
9992
10877
11273
10935
11031
11093
12335
9907
11325
11047
10948
11113
11236
10947
11297
11175
10904
11366
11092
10903
11224
11894
10234
11217
11291
10813
11623
19475
1993
11205
11267
10855
11436
11213
10888
11293
11051
10957
11277
11073
10931
11229
11216
11007
11982
10380
10762
11414
11134
11016
11206
11065
10881
11288
11292
10898
11227
11128
10959
11269
11232
10827
11178
11239
10931
11240
11123
10731
11543
11033
11075
11141
11899
10288
12177
10210
10932
11108
11071
11052
11468
10960
10989
11290
11100
10931
11219
11080
11048
11412
11011
10783
11440
11097
10977
11195
12793
9764
10988
11011
10641
11321
11125
10960
11377
11292
10785
11441
11041
10930
11208
11136
10935
11209
11041
11166
11273
11246
10775
11309
10999
10899
11357
11033
10862
11243
11019
11258
11253
11151
10719
11357
11129
11210
11115
11086
10870
11299
11154
10964
11250
11093
10835
11457
10961
10936
11551
11063
10797
11076
11390
10804
11433
11154
10919
11249
11105
10913
12306
10259
10658
11514
11060
10903
11295
11062
10888
11275
11065
10974
11557
10865
10924
11293
10903
11131
11304
11035
10878
11519
12264
9644
11284
11383
10737
11177
11086
10902
11510
11070
10932
11017
11278
10940
11217
11170
11037
11308
11078
10890
11348
10983
10982
11220
11172
10964
11343
11171
10856
11210
11143
10959
11253
10982
11228
11432
10838
11091
11094
11160
10946
11146
11008
11157
11122
11300
10983
11160
11145
18178
3988
12480
9603
11196
11297
10845
11193
11298
10878
11022
11336
10752
11584
11054
10909
11240
11111
11181
10975
11144
10895
11290
11195
10907
12828
9568
10930
11268
11142
11068
11166
11238
10860
11283
11133
10876
11290
11123
10969
11343
11107
10761
11484
10998
10989
11103
11081
11047
11146
11188
10987
11361
10981
10995
11198
11128
11036
11347
11098
10862
11241
11088
10916
11281
11103
11093
11325
11112
10902
11257
11044
10939
11257
11157
10776
11298
11223
11002
11249
10937
11111
11188
10899
11074
11607
10961
10966
11273
11103
10911
11296
11151
10974
11386
11128
10921
11210
11074
10737
11506
11048
11027
11291
11063
10925
11425
10980
10904
11265
11001
11061
11429
10780
11129
11031
11432
10920
10863
11321
10981
11275
11035
11116
11370
11032
10927
11224
11090
10976
11495
11041
10959
11206
11032
10999
11197
10903
11032
11354
11142
10897
11372
11074
10978
11336
11000
10963
11165
11070
11145
11346
10991
11037
11199
11132
10897
11222
11020
11109
11327
11004
11025
11228
11141
10837
11558
11025
10752
11488
11086
10975
10981
11299
10944
11383
11084
10823
11189
11212
10984
11213
11116
10948
11124
11331
10973
11199
11205
10947
11275
10896
11112
11190
11215
11010
11270
11062
11006
11160
11119
10939
19370
2968
10882
11371
11182
10912
11118
11241
10841
11491
10960
10994
11423
10989
11000
11172
11116
11024
11148
11281
10900
11326
11038
10971
11230
11091
10956
11395
11125
10773
11286
11083
10999
11256
11092
10815
11422
11261
10939
11046
11306
10974
11003
11159
11175
11113
11163
10905
11332
11153
10948
11182
11140
10953
11190
11245
10706
11416
11166
10909
11215
11114
10968
11237
10957
11134
11394
10899
11177
11174
11088
10933
11313
11172
10855
11295
11182
10955
11114
11024
11166
11146
11142
10878
11272
11308
10972
11193
11112
10941
11105
11152
11116
11204
11270
10968
11243
11123
10933
11511
10930
10985
11258
10974
11048
11188
11188
10915
11201
11203
11027
11307
11027
10941
11226
11102
10943
11126
11087
10978
11370
11052
10965
11223
11113
11023
11132
11171
10888
11260
11210
10990
11202
11139
10941
11045
11258
11035
11347
11141
10937
11176
11137
10942
11217
11275
10933
11210
11112
10887
11300
11077
11013
11221
11007
11028
11416
11025
11084
11097
11144
10928
11250
11164
10926
11258
11221
10902
11238
11116
10922
11207
11108
11024
11232
11149
10960
11254
11113
10988
11227
11179
10920
11330
11097
10903
11252
11046
11018
11211
11092
11045
11223
11166
10993
11178
11245
10858
11214
10976
11128
11204
18939
3248
11083
11289
10921
11164
11295
10968
11203
11166
10838
11227
11137
10992
11268
10992
11076
11192
11204
10938
11187
11203
10916
11328
11131
10882
11371
11066
10941
11165
11048
11081
11242
11008
11059
11217
11139
10964
11263
11207
10960
11048
11133
10959
11229
11286
10877
11230
11245
10946
11194
11102
11053
11280
11104
10906
11237
11146
10956
11202
11076
11013
11241
11138
11014
11232
11119
10940
11188
11107
11092
11174
11221
10951
11012
11362
11022
11091
11065
13891
8775
10860
10855
11142
11194
11017
11151
11132
11021
11347
11102
10903
11008
11305
10817
11320
11023
11181
11077
11225
10964
11230
11143
10971
11261
10976
11008
11298
11202
10989
11168
11184
10947
11252
10907
11024
11292
11136
11003
11259
11157
10907
11144
11066
11029
11336
11299
10825
11274
11145
10994
10999
11116
11053
11319
11113
10959
11328
11059
11039
11183
10940
11041
11294
11208
10945
11270
11035
10942
11302
11113
10844
11274
11623
11419
10411
11107
10871
11390
10939
11031
11315
11178
10993
11204
33512
4649
18756
2046
8097
1915
8889
11036
11263
11111
10944
11700
10613
10985
11306
11117
10999
11182
11147
11126
11123
11011
10967
11384
11095
10891
11332
11101
10960
11304
11033
11002
11910
10591
10859
11201
11172
19033
2964
11123
11217
11234
11152
10909
11225
11103
10910
11295
11081
11075
11224
11154
10940
11117
11218
10875
11275
11036
11095
11353
10917
10909
11448
11088
10943
11205
11078
11088
11374
11117
10921
11158
11042
10975
11266
11076
10944
11400
11122
11032
11103
11107
11003
11226
10998
11040
11314
11158
10944
11225
