64031
5916
2956
28119
22510
10960
11044
10906
11147
11192
12771
9439
10778
11801
10795
10929
11253
11163
10832
11199
32251
1881
3096
7201
10888
11511
11014
10974
11279
11255
10869
11324
11229
10956
11348
10674
11432
10763
11129
11333
11043
10957
11581
10887
10803
11233
11009
11382
11232
10847
11284
11071
10896
11222
31316
1925
3111
8050
11401
10850
11243
11156
10822
11132
11502
10665
11190
11239
10732
11575
10899
10878
11730
10898
11311
10930
10944
11060
11880
10600
10895
39077
2113
1941
12155
11482
11158
10894
11109
16353
6262
10958
10990
10719
11520
11157
10894
11231
11103
10816
11852
10915
10977
11124
11076
11007
11220
10950
11006
11479
11033
10864
12831
9729
10732
11470
10850
10809
11518
10936
11087
11345
11155
10985
11226
30999
2805
4025
6667
11010
10919
11453
11054
10809
11321
11920
9923
11800
10858
11000
11214
11849
9988
11298
11062
11022
11500
31154
27634
2032
3241
2336
15018
7592
10867
12403
9878
10985
11243
10931
11060
11202
11343
10873
11243
11158
10900
11265
32206
1623
29572
2048
3344
8753
11452
11063
10897
12253
9913
11136
11303
11141
11232
10894
11276
10834
14037
8367
10905
11366
31595
1976
3267
7445
11161
10959
11283
11285
10937
12196
17597
3233
11395
11120
10910
11172
10995
10984
11832
11059
10715
11149
11063
10959
31742
2127
3254
7627
11168
10955
11316
11624
10276
11309
11253
10861
11317
11129
10887
11203
11107
11011
11187
11000
10860
11391
11124
11188
11114
11164
10951
11146
11112
11027
11365
11109
10827
11434
31639
1885
29050
1949
3423
9662
11263
11411
10764
11081
10666
11487
11017
11015
11342
11202
10804
11340
11692
10211
11465
10868
11083
31998
27220
1869
3609
2002
11236
10913
11160
11328
10729
11430
11082
10922
11363
11009
10793
11483
10964
11806
10715
10820
31682
27333
1840
3019
2723
11393
10967
11203
11188
10872
11123
11357
10910
11316
11108
10915
11233
11060
10976
11802
10579
10879
31257
1872
3141
8152
11389
11078
10824
11551
11017
10968
11349
11192
10804
11268
11096
10888
11232
11002
11180
11190
11173
10912
11230
30603
1764
3051
8974
11246
10942
11280
11051
10920
11293
11079
11028
11405
11044
10898
11264
11058
10889
11593
10888
10849
11432
30279
1673
3387
9057
10920
11251
11145
10996
11295
11056
11006
11298
11036
11015
11207
11151
10915
11155
11107
11089
11291
10915
11014
30651
4298
2052
7783
11088
10966
11295
11010
10955
11284
11051
11054
11250
11136
10922
11362
11039
10947
11130
10982
18959
3273
29494
1699
3191
10128
10994
11267
10920
10979
11281
11254
11021
11278
11161
10888
11200
36901
1757
2976
2806
10801
11477
10862
11084
30087
1787
2893
9798
11133
10990
11139
10982
11331
11260
10761
11149
11257
10979
11426
38561
1716
3525
11671
11150
10875
11313
11171
10928
11260
11226
10819
11099
11235
10836
11543
11104
10723
11466
11150
10872
11092
39202
1884
3475
11457
11181
10687
10986
11223
10842
11438
11202
11105
11006
11249
11164
10916
11150
10916
10955
11279
11462
10884
11216
11106
10927
11338
11024
11387
11503
10525
10921
11239
10892
11132
11310
11002
10910
11371
11266
10816
11276
11040
11159
11222
11010
10865
11388
11139
10970
11280
11081
11219
11099
10943
11066
11274
11148
10767
11357
11104
10962
11322
10947
10697
11482
11105
11195
11045
11141
10942
11409
10910
10966
11436
11138
11059
11163
11245
10835
11218
10976
10957
11358
11238
10894
11252
11127
10929
11309
10997
10825
11502
10975
11014
11287
11120
10899
11235
11097
11319
11261
10846
10981
11222
11093
10975
11332
11025
10823
11426
11018
11062
11340
11126
10855
11316
11005
11019
11425
11019
10905
11265
11115
11029
11241
11030
10929
11384
11209
10889
11249
11138
10902
11357
10980
10878
11382
11110
10936
11040
19613
2473
11411
11215
10845
11242
11296
10947
11051
11237
10942
11164
11074
10976
11268
11287
10849
11179
11241
10966
11362
10918
10881
11374
11236
10858
11296
11132
10943
11282
11038
11101
11264
11113
10823
11103
11153
10992
11197
11174
10916
11270
11318
10793
11227
11252
10930
11240
11069
10978
11253
11219
10876
11295
11182
11283
11030
10962
10758
11363
11335
10974
11091
11185
10912
11296
11068
10841
11338
11218
11006
11200
11097
10977
11182
11063
11036
11312
11139
11105
11122
11036
10974
11161
11053
10955
11364
11254
10805
11362
11147
10889
11132
11229
10730
11531
11008
10971
11216
11282
10882
11236
11057
10939
11471
11065
10860
11320
11226
10937
11227
11073
10940
11228
11303
10889
11229
11118
10901
11321
11011
10907
11426
11020
11011
11234
11228
10969
11156
11181
10629
11355
11315
11192
10958
11242
10833
11308
11010
10907
11341
11084
11048
11322
11082
10963
11002
11264
10978
11224
11406
11131
11248
10975
10724
11159
11042
10920
11382
11132
11053
11239
11105
10980
11239
11080
10862
11396
11034
11020
11330
11017
11185
11108
11052
10833
11308
11264
10872
11272
10986
11103
11252
11100
10829
11351
11293
10875
11287
11084
10990
11215
10983
11037
11103
11269
10974
11339
11079
10986
11185
11104
18861
3224
11200
10928
11279
11264
10902
11263
11052
10850
11367
11140
10914
11357
11150
10891
11099
11257
10952
11274
11055
10912
11370
11210
10893
11332
11026
10779
11280
11342
10904
11341
11059
10988
11181
11113
10963
11162
11320
10836
11363
11086
10954
11191
10988
11135
11406
11347
10531
11037
11238
11086
11279
11084
10896
11038
11318
10982
11269
11197
10999
11277
11024
10803
11357
11049
10980
11202
11287
11023
34995
2006
3231
3995
11256
11341
10864
11111
11330
11029
11137
11013
11201
10861
11460
11081
10858
11336
11061
10928
11266
10865
11236
11369
11057
10997
11199
10872
11203
11063
11072
11150
11323
11025
11073
11218
11016
10939
11302
11149
10869
11527
10978
10746
11467
11121
10880
11312
11106
11082
11016
11046
11200
11403
10743
11081
11250
11085
11113
11180
11156
10956
11332
11007
10961
11174
11169
11057
11145
11184
10933
11409
11078
10931
11151
11124
10881
11370
11113
10905
11369
11100
10859
11253
11042
11073
11197
11208
10966
11296
11060
10837
11275
11092
10965
11419
11072
10945
11240
10896
10955
11377
11128
10761
11328
11192
11000
11343
11154
10928
11227
11055
11057
11314
10968
11041
11237
11116
11235
11105
11122
10790
11372
10955
11117
11303
10900
11111
11207
11094
11102
11194
18590
3492
11142
11187
10961
11284
11083
10748
11523
11235
10837
11423
10991
10941
11151
11113
10831
11376
11216
11026
11227
11070
10848
11202
11176
10805
11606
10899
11107
11208
11114
11011
11205
11104
10885
11442
11187
11033
11088
10934
11025
11225
11157
11010
11542
10769
11082
11179
11098
10923
11373
11024
10900
11346
11070
11159
11327
10997
10881
11592
10953
10699
11233
11281
10763
11511
11111
10846
11245
11019
11075
11309
11126
10967
11183
11138
10922
11254
11118
10975
11271
11085
11115
11139
11168
10907
11187
11090
10958
11326
11046
11047
11327
11061
10954
11043
11156
11004
11436
10939
10887
11768
10839
10930
11210
11094
10905
11700
11135
11027
10952
11015
10851
11046
11161
11167
11211
11126
11068
11350
10966
11017
11237
10955
11050
11390
11142
10889
11264
11069
10800
11724
11123
10825
10976
11292
10814
11462
11077
10889
11216
11142
10916
11354
11049
10992
11278
11038
10945
11171
11231
10992
11172
11254
10707
11376
11176
11233
10964
11067
10991
11216
11130
10940
11292
11213
10962
11181
11138
10927
11214
11111
10931
11387
11014
10960
11051
11333
10885
11308
11236
10947
11423
10753
11097
11070
11245
11019
11171
11299
10803
11452
11076
10849
11336
11024
10952
11167
11227
10985
11284
10921
19291
2792
11290
11095
11175
11076
11056
11367
10952
11054
11124
11048
11085
11207
11121
11003
11357
10892
11110
11102
11324
10857
11130
11350
10829
11574
10984
10884
11302
10931
11013
11141
11185
11183
11241
11220
10915
11172
11130
10828
11305
11260
10911
11319
11125
10808
11221
11090
11057
11135
11168
11144
11309
11041
10715
11126
11370
10981
11211
11258
10767
11324
11191
10660
11326
11181
11043
11227
11102
11101
11319
11112
10679
11429
11000
11036
11232
11078
11159
11195
11110
10906
11312
11089
10942
11081
11199
11196
11214
11107
10908
11253
11070
10945
11227
10977
11042
11445
11104
11017
11168
11067
10951
11233
10982
11167
11371
11052
10756
11212
11291
10965
11207
10949
11186
11389
11027
10962
11279
11064
10951
11053
11138
11137
11291
11192
10917
11257
11042
10943
11165
11048
10917
11442
11038
10980
11270
10926
11106
11259
11052
11160
11253
11110
10845
11344
11095
10969
11247
10989
11019
11501
10889
11040
11326
11097
10953
11176
11008
10985
11398
11008
10954
11333
11115
10913
11156
11045
11066
11422
11107
10925
11250
10966
11114
11023
11080
11051
11500
11161
10844
11313
11050
11078
11097
11099
11008
11121
11364
10886
11272
11090
10813
11347
11098
10936
11525
11012
10884
11083
11294
10940
19093
3134
11004
11432
11162
10846
11266
11090
10979
11242
11057
10952
11498
11056
10895
11268
11148
10755
11352
10994
11168
11259
11105
10866
11286
11135
10931
11193
11133
11060
11253
10903
11105
11327
11163
10896
11214
11198
11033
11085
11325
10799
28424
1980
3393
10639
10975
11197
11261
11286
10856
11349
11016
10962
11006
11120
11117
11442
11053
10946
11149
11170
10982
11138
11024
11213
30828
2138
3346
8188
11109
10954
11253
10994
11083
11281
11112
10793
11340
10926
11066
11230
11129
11028
11367
11105
10960
11139
29669
1780
3610
9215
10977
11256
11192
10950
11424
11046
10901
11226
11064
11110
11185
11223
10936
11252
11466
10507
11243
11306
11014
11342
11157
10937
11225
10945
10984
11069
11089
11146
11380
11119
10743
11410
11139
10902
11243
10970
11147
11200
11226
10921
11094
11264
10925
11249
11362
11267
11151
10686
11002
11148
11179
10982
11238
11113
11149
11195
11158
10955
11209
11061
10962
11259
11020
11109
28424
1854
3056
11150
11187
10676
11406
11011
11011
11327
11223
10914
11331
11174
10894
11165
10974
11028
11279
11232
10927
11263
11187
10951
11152
11121
11021
11147
11459
11025
11202
10700
10962
11184
11077
10943
11554
11092
11040
11253
11042
11006
11188
11058
11048
11325
18523
3534
11207
11108
10974
11232
11147
11065
11319
10770
10999
11218
11167
11047
11274
11096
10877
11343
11211
10892
11295
11057
10953
11154
11165
10900
11402
11082
11010
11306
11100
10681
11542
10964
10942
11144
11254
11064
11258
11055
10893
11265
11120
11002
11382
11066
10737
11429
11087
10963
11252
11127
10996
11261
11090
10892
11441
10912
10815
11316
11102
10947
11565
10903
11084
11305
11090
10949
11219
11028
10971
11233
11143
11056
11250
11119
11023
26495
1849
4901
11196
11113
10811
11317
11141
11104
11058
11294
10933
11455
10987
11005
11323
10999
10936
11075
11285
10935
11204
11275
10839
11358
11175
10828
11228
11159
10916
11170
13413
8762
11313
11182
10855
11076
11273
10939
11364
11155
10867
11321
11115
10862
11257
11210
10924
11215
11540
10927
11239
10823
10768
11221
11116
11036
11454
11059
10966
11261
11111
10895
11195
11123
10966
11177
11301
10830
11384
11101
10896
11225
11108
11001
11291
10894
11039
11264
11029
11215
11163
11177
10906
11288
11232
10870
11259
11107
11042
11148
11000
11063
11340
11147
10865
11316
11141
10995
11185
11026
10786
11223
11295
10933
11373
11182
10927
11166
11171
10964
11290
11145
10946
11235
11090
10915
11228
11107
10996
11233
11304
10857
11422
10995
17978
3989
11054
10984
11573
10984
10968
11312
11081
10897
11236
11105
11044
11198
11236
10917
11283
11111
10971
11123
11130
11022
11156
11092
10943
11277
11018
11196
11206
11398
10719
11176
11268
10928
11174
11227
10935
11179
11084
10992
11201
11174
10909
11118
11383
10842
11351
11020
10985
11087
11271
10963
11395
11057
10780
11381
11036
11063
11199
11226
10932
11250
11089
10992
11238
11064
10985
11210
11282
10787
11565
10929
10735
11238
11116
11007
11324
11203
10949
11361
11070
10736
11383
11066
11061
11194
11224
10897
11237
11189
10896
11215
11116
11093
11208
11025
10946
11239
11004
11257
10915
11343
10843
11359
11180
10951
11332
11068
10788
11422
10902
11123
11179
11174
10944
11234
11215
10947
11229
11076
10964
11043
11136
11043
11380
11188
10939
11196
11090
11041
11175
11158
10898
11449
11028
10960
11274
11018
10995
11174
11257
10771
11573
11056
10666
11272
11135
10869
11358
11248
10944
11177
11216
10922
11210
11154
10995
11252
10984
11113
11235
11206
10983
11148
11103
10970
11313
10939
10981
11286
10992
11149
11174
11166
10950
11315
11115
10991
11052
11280
10869
11268
11116
10962
11281
11249
10921
11280
11190
10943
11139
11091
10954
11270
11054
10814
11265
11082
11293
11163
11147
10892
19155
3020
10902
11629
11223
10872
11114
11144
10942
11277
11071
10770
11448
11297
10839
11246
11054
11018
11271
11044
11050
11320
11125
10895
11220
11147
10904
11248
11035
10888
11401
11259
10934
11197
11078
10911
11288
11071
10895
11413
11227
10696
11368
11081
10900
11336
11055
11089
11260
11123
10959
11190
11131
10972
11294
11265
10691
11437
11087
10900
11070
11278
10949
11336
10984
10945
11444
11044
10945
11278
11094
10934
11259
11110
10944
11264
11278
10930
11097
11144
11038
11252
11063
10815
11344
11257
10915
11264
11092
10959
11232
11148
10902
11491
10868
11136
11137
10986
10916
11258
11219
11069
11270
11099
10967
11290
10996
10956
11556
10793
10944
11255
11289
10918
11206
11004
11048
11165
11170
10976
11223
11271
10875
11319
10998
10961
11228
11083
11164
11168
11075
11031
11233
11152
10839
11317
11088
10894
11300
11309
10803
11357
11106
10935
11219
11072
11003
11145
11332
10990
11095
11132
10744
11343
11154
10880
11867
10939
10917
11014
11050
10987
11343
11071
10912
11205
11324
10895
11287
10896
11091
11265
11059
10855
11422
11225
10855
11266
11140
11016
11270
11003
10903
11395
11046
10960
11194
11196
10965
11302
11099
11008
11066
11384
10921
11218
11007
11004
11316
10978
11011
13494
17360
2452
11295
11229
10894
11304
11005
10692
11489
11138
11005
11239
11155
10797
11407
11027
10972
11244
11292
10879
11320
11108
10889
11226
11093
10957
11133
11452
10806
11273
11117
10897
11348
11048
10941
11146
11234
10999
11341
10800
11293
11178
10983
10806
11470
11013
11034
11283
11154
10975
11273
18926
2973
11335
11368
10878
11121
11168
10994
11049
11219
10937
11295
11335
10904
11185
11123
10934
11333
10978
10970
11186
11030
11094
11282
11117
11058
11023
11126
10873
11383
11124
10864
11461
11085
10986
11159
11081
10973
11223
11175
11008
11195
11121
11037
11187
11067
10986
11299
11080
10948
11268
11148
10998
11165
11060
11044
11245
11276
10810
11255
11174
10967
11216
11088
11036
11299
11085
10949
11299
11075
11055
11256
11040
10894
11277
11114
10916
11308
11180
10953
11136
11112
10944
11108
11452
10852
11068
11348
10942
11199
11090
11005
11306
11077
11011
11320
11098
10884
18151
4145
11000
11345
11043
10873
11362
11148
10842
11294
11122
10710
11570
11120
10885
11220
11233
10905
11445
10906
11304
10922
18533
3446
11440
11106
10834
11292
11121
10916
11262
11204
11006
11286
11044
10922
11243
11103
10982
10966
11354
11011
11254
11187
10910
18344
4027
10909
11214
11145
11005
11294
11121
19059
2872
11237
11069
11241
11220
10929
11256
11146
10914
11207
11153
10943
11254
11246
10861
11257
11169
10994
11154
11090
10817
11399
11123
11019
11266
11141
10968
11179
11118
10921
11295
11069
11136
11243
11074
10936
11020
11264
11034
11304
10930
10845
11576
10844
11223
11165
11062
10987
11176
11169
11138
11204
11100
10920
11196
10975
11201
11187
11057
11131
11147
11195
10933
11247
11034
10984
11245
11140
10916
11407
11065
10972
11184
11129
10951
11190
11124
11141
11190
11102
10909
11274
11041
11029
11246
11011
11195
11243
11011
10949
11286
11030
10982
11122
11266
11052
11277
11077
10993
11187
11061
11043
11204
11081
11055
11228
11099
10893
11178
11182
10986
11302
11073
10938
11168
11068
11078
11279
11132
11038
11240
10957
11022
11364
11096
11050
11167
11129
10941
11126
11073
11051
11329
11179
10996
11183
11183
10971
11120
10947
11057
11349
11259
10756
11383
11109
10887
11303
11031
11145
11236
11145
10903
11210
11086
10965
11123
11252
11076
11183
11115
11007
11220
11059
10820
11367
10916
11213
11368
11077
10988
11129
11102
10963
13630
8984
10859
11263
10955
11033
11271
11084
10913
11300
11035
11018
11370
11132
10927
11224
11043
10823
11399
11096
11033
11366
11086
10863
11191
11131
11053
18989
3124
11019
11338
10910
11271
11335
10998
10972
11357
10865
10977
11384
11238
10901
11291
11072
10892
11318
11068
10791
11396
11148
11021
11174
11149
10926
11241
10967
10973
11383
11243
10896
11221
10999
11051
11141
11247
10907
11291
11193
10957
11280
11077
10935
11290
10870
11181
11257
11056
10975
11337
11064
10952
11204
11128
10931
11276
11265
10877
11317
11032
11035
11240
10944
11047
11356
11135
10928
11223
11128
10967
11188
11135
10914
11385
11259
10807
11191
11019
11109
11180
11117
10952
11410
11073
10998
11238
11042
10968
11220
11110
10891
11386
11106
10998
11211
10975
11057
11264
11026
11025
11271
11173
10960
11284
11001
10805
11475
11089
10792
11427
11256
10876
11242
11091
10940
11272
11101
10910
11392
11154
10874
11262
11144
10916
11287
11118
10863
11220
11047
11073
11285
11130
10969
11229
11106
10894
11218
11164
11092
11039
11184
11039
11254
11066
10981
11220
11649
10516
11322
11029
10945
11269
11143
10725
11294
11105
11140
11385
11044
10936
11228
11133
10915
11423
11036
10921
11326
11023
10957
11404
10924
10993
11282
15278
6885
11319
10961
11018
11220
11025
11003
11259
11238
10999
11211
11005
10987
11121
11258
10918
11130
11222
11092
11237
11055
10976
11358
11109
10789
11192
18719
3581
11174
10958
11132
11168
11082
10995
11472
11078
10863
11343
10998
10984
13007
9320
10965
11048
11284
11070
11646
10900
10563
11223
11303
10649
11385
11179
11259
11138
11047
10906
11322
11114
10886
11286
12178
10000
11339
11012
10718
11410
11141
10966
11371
11417
10626
11302
10985
10942
11144
11276
10935
11200
11291
10944
11274
10986
10991
11294
11337
10701
11106
12105
10155
11300
11033
10956
11205
11357
10719
11234
11120
10909
11341
11142
11007
11211
11147
11010
11117
11087
10887
11544
10795
10947
11288
11182
11010
11135
11318
10895
11606
11180
10631
11210
11114
10946
11231
11081
11158
11290
10990
10978
11259
11090
10870
11213
11291
10897
11307
11168
10822
11334
12318
9653
11317
11507
10483
11084
11937
10301
11246
11194
10994
11195
11253
10774
11444
11079
10879
11276
11079
10966
11215
11005
11065
12474
10020
10901
11276
14055
8075
11032
12131
10091
11381
11066
11051
11152
11163
10952
11169
11056
11025
11376
11085
10959
11198
12234
9825
11471
10958
11030
11263
11043
10987
12155
10147
10906
11030
11349
10951
11402
11136
10722
11419
11148
10877
11226
11090
11123
12206
10128
10968
11194
11317
11267
10612
11131
11068
11140
11133
10979
11297
11135
10928
11120
11279
10908
11338
11072
19113
2949
11895
10210
11306
11033
11095
11330
11058
11055
11260
11150
10913
11060
11108
11184
11209
11163
10865
11344
10996
11005
11226
11252
10791
11353
11076
10800
11497
11145
11097
11320
11516
10182
11344
11127
10947
11341
10830
10843
11401
11091
11223
11179
11113
10981
11516
10716
11103
11173
11018
11088
11352
11076
10940
12757
9616
10889
11316
11002
11015
11153
11092
11142
11127
11294
10678
11475
10942
10887
11468
11159
10929
11325
11115
10984
11237
10936
11019
11368
11167
10859
11349
11194
10738
11189
11101
10982
11407
11150
10922
11289
11120
10943
11216
11009
10967
11369
11179
10881
11365
11056
10967
11206
11010
11053
11435
11030
10859
11261
11053
10894
11441
10963
11062
11271
12221
9871
11410
10998
10953
11251
10915
10957
11422
11032
11320
11028
11077
10932
11352
10961
11162
11019
11055
10988
11469
11072
10908
12391
9921
11374
10770
11451
10801
11291
11130
10930
11255
10933
11085
11299
11151
10851
11312
11114
11027
11155
11149
10853
11344
11203
10931
11265
11144
10689
11493
11155
10988
11254
11116
11043
11099
11109
10950
11274
11096
10964
11657
11129
10457
11241
11076
11160
11051
11148
10937
11518
10882
11083
12679
9714
10950
11122
11186
11110
11259
11125
10736
11390
11024
10916
19124
3524
10779
11352
11010
11028
11316
11052
11011
11018
12794
9345
11430
11091
10957
11354
11089
10883
11095
11290
11100
11107
11154
10991
11302
11108
10966
11030
11469
10679
11216
11098
10796
11434
11190
10853
10985
11373
11022
11257
10955
11161
11264
11086
10888
11219
11094
10917
11326
11025
11182
11042
11018
11015
11279
11063
10972
11462
11038
11020
11357
11036
10924
11141
11226
10819
11377
11100
10959
11349
11120
10905
11301
11182
10780
11363
11035
10917
11424
11151
10927
11249
11144
11054
11076
11190
10974
11311
11276
10762
11262
11012
10837
11384
11113
11001
11369
11165
10955
11138
11031
10881
11302
11188
10874
11356
11038
10889
11344
11107
10986
11263
11119
10934
11287
11130
10946
11203
11106
11077
11653
11021
10656
11089
11009
11033
11307
11148
11006
11301
11197
10728
11365
10966
11120
11139
11068
11064
11319
10997
11045
11278
11156
10907
11500
11147
10733
11170
10993
11024
11367
11129
10929
11267
11135
10866
11247
11165
11007
11256
11100
10930
11222
11131
10964
11246
11064
11068
11285
10990
11098
11248
10882
11212
11241
11215
10885
11271
11120
10904
11103
11235
10787
11399
11113
11019
11255
11170
10735
11474
11073
10832
11317
11148
10983
11062
11293
10666
11547
11107
10971
11224
18651
3480
11175
11045
10999
11333
11120
10947
11114
11024
11096
11366
11129
10789
11397
11202
10919
11101
11107
11023
11336
11113
10870
11387
11059
11029
10940
11194
11118
11277
11161
10941
11274
11038
10891
11380
10998
11089
11256
11188
10873
11274
11081
10857
11313
11283
10839
11134
11310
10957
11255
11038
10993
11219
11214
10747
11348
11123
10906
11339
11087
10991
11331
11056
10999
11311
10935
10853
11474
11141
10883
11064
11251
10956
11325
11109
10907
11343
11092
10911
11175
11261
11004
11414
11054
10932
11190
11256
10958
11048
11076
11088
11271
11184
10876
11234
11109
11021
11094
11199
10920
11191
11283
10883
11289
11018
10990
10984
11084
11189
11495
11104
10833
11345
10921
10856
11261
11148
11147
11249
11149
10909
11275
11010
11091
11146
11179
10854
11460
11131
10911
11046
11063
11160
11237
11051
11065
11334
10904
11036
11133
11240
10996
11239
11024
11103
11309
10822
11135
11261
11149
11065
11139
10983
11218
11256
11406
10522
11518
11134
10998
10867
11177
10976
11511
10966
10910
11242
11050
10980
11206
11066
11024
11362
11035
10982
11241
11163
10934
11250
10945
11158
11553
11017
11063
10934
11064
10999
11272
11039
10979
11412
10992
10861
11366
11140
10958
11100
11132
10989
11437
10994
19159
2927
11164
11071
11189
11224
11009
11049
11114
11067
11303
11106
10947
11184
10933
11165
11248
11202
10961
11296
11137
10921
10999
11095
11119
11168
11334
10902
11418
10945
10975
11180
11065
10862
11543
11241
10612
11221
11288
10965
11263
11018
11116
11300
11102
10898
11252
11107
10978
11053
11091
11111
11270
11215
10993
11195
10875
11091
11208
11163
11021
11328
11026
13299
9292
10752
11022
11118
11146
11054
11113
11209
10991
11188
11148
11003
11270
10988
11114
11066
11135
10961
11150
11415
10937
11151
10995
10985
11290
11190
10994
11290
11103
10829
11305
10878
11233
11198
11186
10974
11402
10969
11029
11093
11068
10933
11289
11176
11078
11193
11044
11005
11122
11226
10922
11343
11113
10955
11261
11090
10868
11368
11015
11142
11029
11436
10849
11023
11139
11059
11167
11027
11035
11289
11191
11008
11285
11063
10994
11477
11578
10143
11359
11059
10884
11457
11081
11065
11077
11053
11050
35057
19009
2081
3440
7380
10995
11210
11140
11412
10990
10983
11046
11085
11336
10912
11116
11097
11136
10937
11332
10800
11395
11156
10880
11300
10965
11060
11446
11005
10982
11214
11102
10973
11187
11285
10890
11124
11297
10946
11294
11107
10712
11439
11192
10934
11355
11091
11038
10944
11207
10944
18874
3333
11201
11262
11146
10928
11244
11060
11025
11170
10977
11113
11408
11053
10982
11001
11272
10922
11243
11118
11109
11093
11178
10754
11462
11128
10742
11397
11022
11042
11363
11083
11067
11146
11213
10820
11301
11067
11110
