66022
5931
3872
6395
22650
9204
4253
8572
11292
11546
10750
11068
11335
10784
12853
9551
10942
11394
11201
10968
11127
11044
10941
11279
31798
1845
3748
6921
11331
10845
11080
11284
10893
11345
10940
11181
11284
11263
10879
11459
10807
10946
11336
11086
10837
11450
10880
10823
11512
10974
11077
11280
11038
10764
11348
11285
10773
31530
2041
3817
6991
11520
11016
10843
11566
11056
11132
11046
11058
10933
11258
11136
10906
11210
11594
10611
11235
11187
10957
11035
11742
10414
11578
31240
2034
4296
17763
10920
10866
11401
11356
10900
13512
8820
10833
11311
11189
10896
11462
11191
10713
11156
11525
10574
11264
11230
10821
11297
11221
10934
11330
11068
10928
11272
12546
9393
11483
11113
10869
11274
11365
10725
11286
10956
11003
11337
11066
10862
31403
3306
4477
5313
11304
11018
10848
11609
14521
7519
12162
10507
10606
11275
10945
11021
12081
10265
10897
11492
11062
10966
30825
27254
1999
4212
2510
14831
7148
11286
12304
9759
11353
11228
10800
11304
11077
10898
11143
11206
11000
11462
11179
10714
31874
27153
2072
3973
2186
10639
11079
12480
9917
10863
11060
11348
10852
11343
11210
10850
14095
8086
11277
11120
10981
31356
2129
3989
6864
11163
11123
11360
18673
3204
12227
10097
11124
11355
10682
11467
11070
10916
11362
11087
10876
11278
11208
10780
11395
31334
2238
4353
6336
11083
10921
11349
11899
10305
11258
11070
10965
11124
11173
10893
11397
11192
10953
11333
11008
10969
11183
11171
10910
11554
11280
10618
11433
10714
10996
11322
11139
10975
11555
31497
27255
2003
4281
2431
9985
11166
10999
11338
11116
10957
11155
11229
10903
11231
11045
10910
11801
10749
10891
11276
31533
1723
29933
1838
4623
7901
11363
11089
10810
11355
11325
10756
11432
11089
10846
11388
11229
10659
11139
11540
10489
11450
31670
27220
1925
3934
2413
10446
11222
10919
11281
11295
10858
11251
11142
10929
11252
11196
10942
11399
11001
10734
11298
30894
1830
4049
7715
11091
11355
11045
10916
11234
11092
10964
11283
11007
10992
11273
11414
10715
11273
11177
10917
11405
10783
11026
11128
30883
1846
4411
7598
10843
11308
11036
10825
11453
11162
10890
11341
11058
10921
11301
11105
11050
11334
11287
10722
11304
11029
10715
30383
1919
4254
8203
11231
10880
11312
11091
10928
11247
10933
10828
11668
11131
10888
11292
11064
10846
11409
11057
11187
11236
29405
1966
4446
8457
10951
11263
11007
11117
11291
11135
10923
11292
10765
11276
11205
11063
10947
11387
18856
2922
11494
11147
10831
29466
1878
4052
8892
11364
11001
11248
11134
10811
11378
10966
11222
11236
11011
10989
36752
1888
4275
2272
10383
11114
11232
29927
1714
4324
8542
10792
11281
11093
10993
11631
11016
10767
11293
10998
11077
11278
38299
1739
4316
11077
11065
11313
10864
11129
11290
11097
11372
10720
11118
10998
11192
11265
10933
11220
11114
11084
11286
11087
10901
38496
2025
4245
10664
11493
10814
11155
11293
11160
10906
11318
11017
11021
10914
11576
10928
10989
11319
11031
11039
11244
11014
10945
11311
11242
10884
11259
11092
10779
11418
11113
10933
11438
11063
11013
11197
10895
11059
11119
11130
11166
11406
11202
10749
11239
11126
10939
11218
11092
11055
11344
10931
10933
11351
11057
10916
11336
11108
11087
10998
11106
10911
11239
11268
10993
11220
11152
11008
11366
11053
10934
11216
11105
10973
11225
11085
11020
11338
11051
11014
11236
11028
10952
11097
11234
10807
11494
11101
10913
11307
11060
11008
11253
10954
11086
11329
11028
11102
11213
11027
10961
11303
11135
10890
11454
11083
10723
11434
10842
10961
11367
11130
11111
11361
11061
11041
11133
11046
10951
11274
11146
10718
11548
11085
10857
11333
11078
10940
11291
10936
11124
11176
11125
10862
11243
11098
11140
18571
3933
10888
11240
11202
10908
11300
10911
11079
11288
11025
10949
11410
11097
10888
11336
11026
11097
11171
11128
10727
11261
11300
10958
11382
11041
10942
11215
11160
11017
11247
11074
10897
11309
11080
11037
11213
11088
10902
11425
11115
10934
11095
10942
11019
11281
11122
11063
11415
11097
10874
11286
11109
10942
11158
11168
11075
11311
11148
10888
11250
10925
11094
11368
11042
11106
10872
11165
10959
11278
11248
10918
11259
11151
10870
11460
11093
10913
11262
11066
11013
11250
11040
10786
11597
11113
10858
11336
11021
11066
11153
11060
10793
11373
11184
11018
11309
11046
10945
11246
10974
10977
11484
11083
10895
11218
11091
11006
11272
11043
10839
11495
11093
11080
11201
10826
11011
11239
11183
10955
11441
11091
10978
11282
11047
11052
11197
10987
10950
11354
11187
10877
11242
11042
10845
11306
11283
10937
11178
11076
10839
11225
11423
10902
11301
11030
10868
11215
11365
10879
11291
10965
10997
11392
11116
10838
11479
11010
10873
11420
10840
11176
11208
11043
10794
11426
11165
10993
11322
11021
11022
11240
11110
10697
11303
11611
10716
11294
11031
11010
11224
11098
10823
11409
11142
10923
11293
10917
10954
11249
11112
11093
11271
11257
10864
11360
10987
10954
11251
11138
10894
11342
18980
2902
11423
11104
10951
11275
11173
10999
11051
11083
10964
11127
11370
11119
11077
11027
10993
11357
11120
10903
11166
11123
11069
11307
11025
10979
11110
11243
10975
11460
11000
10738
11260
11317
10718
11277
11193
11076
11108
11289
10938
11218
11206
10858
11219
11125
11072
11222
11084
10972
11255
11081
10991
11202
11230
11064
11258
10810
10895
11125
11281
10998
11467
11138
11002
11180
11034
10978
11234
11171
10699
11335
35471
1985
3714
3304
11128
10967
11464
11118
10648
11334
11052
11039
11202
11315
11124
10853
11222
11120
11085
11292
11172
10604
11503
11109
10948
11362
10952
10988
11386
11162
10942
11219
11098
10869
11029
11183
11139
11369
11103
10952
11222
11057
10984
11192
10947
11079
11396
11050
11022
11248
11048
11047
11179
11189
10981
11369
11034
10686
11294
11050
10941
11443
11128
10907
11228
11248
10737
11528
11025
10981
11210
11072
10974
11443
11078
10946
11166
11177
11019
11207
11083
10890
11298
10975
11102
11304
11096
10959
11154
11154
11007
11446
11020
10873
11259
11129
10818
11258
11089
10857
11443
11276
10916
11300
11099
10938
10989
11194
11033
11302
11059
11059
11313
11003
11005
11195
11233
10809
11415
11096
10968
11205
10910
11124
11301
11115
10971
11452
10748
10943
18883
3360
11185
11159
11281
10792
11358
11061
10849
11577
11074
11184
10824
11218
10800
11257
11184
11010
11169
11297
11031
11085
11134
10825
11349
11102
11030
11116
11303
10955
11102
11145
11059
11233
11169
10925
11317
11120
10704
11505
11132
10882
11246
11279
10947
11204
11158
11007
11040
10996
11148
11149
11346
10823
11342
11234
10823
11211
11240
10952
11273
10841
11224
11201
11124
10769
11437
11081
11053
11119
11373
10745
11386
11030
10970
11229
10899
11155
11296
11202
10910
11212
11110
10855
11135
11426
10846
11349
11082
11005
11234
11138
10937
11289
10916
11100
11184
10982
11089
11134
11277
10913
11277
11105
10970
11200
11185
10782
11376
11070
11097
11102
11281
10745
11386
11146
11044
11209
11223
10710
11315
11005
10910
11384
11160
10893
11361
11054
10978
11300
11228
10927
11193
11185
10964
11254
11042
10981
11260
10979
11044
11220
11218
10857
11235
11066
11083
11105
11319
10968
11130
11207
11061
11214
11068
10749
11331
11219
10949
11093
11273
11061
11078
11307
11012
11203
11146
10830
11251
11109
10930
11344
11056
11046
11239
11097
10967
11277
11065
11052
11216
11112
10935
11219
11195
10665
11337
11182
11085
11732
10725
10932
11011
11059
10990
11221
11389
10977
11211
11123
10959
11262
19275
2585
11266
11308
11014
11198
10848
11205
11266
10890
11144
11480
10813
11062
11282
11242
10789
11241
11189
10942
11247
10888
11217
11298
11110
10928
11113
11240
10930
11109
11558
10760
11251
11121
10965
11185
11105
10979
11290
10848
11267
11033
11329
10728
11415
11106
10943
11226
11039
10978
11428
11074
11047
11172
11122
10956
11159
11140
11162
11198
11071
10827
11303
11178
10964
11173
11093
10960
11280
11171
10802
11437
10870
11207
11167
11196
11006
11076
11275
11038
11112
11075
11011
11305
10926
10903
11334
11085
11107
11086
11333
10967
11278
11244
10881
11231
11077
10966
11239
11051
10947
11137
11140
11152
11248
11039
10999
11265
11333
10737
11160
10972
10938
11475
11181
10829
11466
10862
11086
11237
10910
11263
11054
11284
10910
11253
11154
10924
11228
11011
11130
11409
11101
10879
10984
11162
10925
11250
11078
11027
11581
11044
10828
11317
11096
10828
11378
11015
10984
11465
10890
11098
11219
11106
11005
11201
11130
10879
11377
11142
10929
11202
10952
11211
11287
10963
10798
11614
11044
10910
11240
11178
10951
11126
11067
10977
11581
10960
10782
11236
11286
10950
11282
10969
11164
10974
11347
10851
11245
11078
11130
11238
11005
11090
11306
11067
10870
11167
11246
10767
11447
10828
18974
3620
11092
10912
11297
11080
10760
11500
10858
11012
11269
11365
10895
11239
11078
10903
11230
11071
11108
11338
11127
10857
11117
11230
10956
11317
10843
10925
11377
11109
11092
11327
10869
11142
11436
10824
10970
11433
10837
11268
11221
11051
10951
11183
28591
1832
4232
9870
10991
11224
11004
11116
11319
10906
10956
11242
11305
10932
11207
11009
11167
11175
11204
10893
11313
11183
10841
11184
28938
2013
4447
8977
11499
11224
11080
10504
11371
10927
11022
11246
10979
11045
11377
11038
10692
11529
11037
10974
11217
11032
11062
30531
1582
3811
8606
11200
11073
11594
10699
10868
11189
11091
11172
11085
11176
10997
11268
10953
10980
11649
10877
11000
11340
11112
11002
11191
11080
10821
11406
11229
10990
11237
11148
10935
11153
10910
10934
11330
11255
10964
11310
11178
10869
11278
11043
11030
11266
10941
11099
11061
11276
10945
11311
11059
10880
11403
11198
11089
10898
11025
10972
11237
11281
10866
11387
10889
11194
11324
28274
1828
4590
9674
10711
11445
11215
11027
11011
11342
10994
11198
11203
10711
11186
11174
11158
11179
11210
11063
11325
10927
10846
11529
11015
10882
11377
11092
10841
11217
11126
10992
11290
11062
10814
11338
11229
10843
11324
11123
10702
11446
11133
11047
18681
3746
10855
11278
11068
10999
11256
11014
11120
11277
11043
10993
11302
11005
10846
11317
11350
10902
11238
10949
11185
10965
11239
10940
11265
11162
11020
11214
11090
10848
11211
11260
10920
11269
11205
11100
11118
11125
10899
11385
11066
10826
11139
11195
10940
11432
11078
10998
11324
10871
11035
11257
11087
10993
11327
11056
10954
11362
11044
10923
11124
11049
11180
11353
11027
11022
11224
10921
11008
11130
11375
11083
11173
11108
10961
11276
11047
10952
11135
26820
1875
4985
10924
10989
11171
11093
11012
11113
11421
10867
11070
11327
10954
11173
10998
11013
11034
11388
10981
11307
11098
10936
11304
10992
10971
11299
11282
10804
11347
11096
10945
11196
11170
10933
11233
11111
11044
11076
11204
10934
11278
11093
10846
11352
11175
11095
11142
11112
10994
11229
10982
10857
11482
11137
11034
11190
11129
10942
11294
11052
10759
11362
11165
10982
11365
11078
11051
11162
11036
10950
11236
11147
11152
11143
11188
10966
11229
10913
10958
11293
11393
10710
11084
11146
11305
11151
11070
10816
11300
11326
10793
11320
11133
10886
11295
10985
11083
11070
11526
10698
11267
11246
11022
11133
11116
10776
11356
11295
10657
11437
11072
11032
11232
11072
10992
11046
11220
11029
11291
11131
10962
11225
19221
2610
11301
11047
11148
11474
11036
10969
11198
11015
10868
11354
11137
10999
11360
11210
10816
11276
11072
11010
11140
11297
10966
11214
11217
10906
11144
11087
11088
11234
10928
10937
11201
11215
10903
11411
11104
10935
11257
11053
11042
11305
11153
10935
11212
11060
10943
11216
11082
11166
11106
11231
10942
11326
11024
10883
11224
11086
11070
11199
11230
10738
11468
11117
10919
11185
11093
11087
11263
11026
11101
11195
11069
10996
11193
11196
10962
11328
11081
11084
11053
11196
10856
11231
11120
11046
11021
11405
10919
11198
11089
10899
11337
10982
11127
11096
11321
10980
11176
11127
10944
11206
11094
11012
11343
10915
11150
11028
11166
11077
11222
11119
10890
11471
11059
10774
11247
11237
11024
10920
11715
10591
11300
11241
10917
11296
11085
10781
11330
10988
11098
11283
11182
10940
11271
11130
10923
11199
11011
11070
11280
11179
11040
11154
11119
10941
11290
10940
11068
11312
11289
11009
10937
11092
11026
11221
11030
10928
11433
11115
10997
11215
11036
11020
11249
11028
10969
11327
11116
10960
11251
11149
10932
11248
11167
11003
11315
11087
10996
11172
11108
10698
11492
10927
11182
11115
11055
11232
11178
11204
10793
11316
11092
10786
11596
11056
10906
11467
11126
10702
11263
11072
18775
3380
11253
10964
11309
10993
10808
11367
11083
11126
10958
11364
10789
11402
11137
11184
10976
11071
10948
11456
11100
10934
11286
11037
11012
11281
10963
10922
11292
11079
11091
11269
11023
10934
11229
11039
11102
11421
11182
10883
11219
11026
10991
11199
11152
10963
11227
11217
10873
11071
11282
11043
10946
11260
10832
11426
11262
10822
11219
11190
10980
11262
11042
10837
11234
11450
10860
11326
11006
10957
11205
11163
10841
11143
11363
10998
11269
11055
11022
11239
11058
10941
11260
11184
11080
11147
11072
10981
11218
11065
11089
11216
11083
10984
11242
10756
11303
11250
10991
11170
11311
11008
10853
11368
11118
10976
11222
11121
10798
11449
11128
10917
11286
11039
11039
11128
10919
11259
11165
10991
10933
11544
10842
11161
11207
11146
10843
11387
11084
11004
11356
10912
11093
11149
11160
10872
11341
11243
10895
11259
11104
10980
11216
10918
10837
11320
11210
11048
11367
11103
10967
11182
11107
10802
11317
11226
11027
11303
11100
10942
11205
11100
10981
11324
11124
11006
11217
11006
10996
11229
11113
10954
11329
11195
10771
11318
10824
11221
11269
11051
11004
11379
11027
10952
11288
11099
10974
11229
11059
11015
11243
11061
11113
11243
11081
10971
11224
11083
10933
11070
11415
11012
18708
3582
10951
11258
11052
10862
11345
11244
10929
11269
11079
11006
11208
11044
10947
11204
11383
10719
11428
11064
10964
11203
11088
10963
11267
11269
10957
11176
11117
10739
11466
11126
10887
11110
11325
11037
11260
11056
10929
11185
11139
10923
11292
11031
11022
11341
11075
10927
11228
11129
10918
11311
11012
11169
19170
2941
11183
11247
11081
10931
11160
11282
10921
11398
11055
10964
11180
11097
10954
11232
11140
10836
11495
11081
10880
11104
11312
10918
11042
11358
10982
11566
10861
10968
11233
11000
10946
11205
13451
8939
11007
11197
10902
11255
11051
10938
11181
11202
10969
11385
11111
11003
11177
11111
10929
11128
11599
10533
11474
10856
11216
11210
11132
10908
11039
11465
10825
11412
11061
10944
11156
11125
10967
11093
11275
10793
11516
11045
10980
11281
10835
11204
11307
10844
11144
11203
11044
11099
11114
11227
10973
11080
11207
11051
11416
10984
10980
11183
11112
10953
11048
18785
3393
11214
11206
10944
11336
10878
10947
11280
11172
10869
11493
11119
11074
11223
11065
10816
11366
11275
10798
11321
11141
10895
18484
3870
10750
11441
11201
10955
11035
11144
11007
11366
11129
10932
11254
11132
10897
11315
11082
11112
11144
11301
10776
11076
18185
3992
11269
11182
11027
11250
19420
2506
11273
11049
11120
11292
10962
11165
11229
11086
10956
11113
11119
10947
11403
11193
10961
11186
11103
10978
11062
11354
10894
11390
11056
11059
11143
10935
10955
11308
11072
11021
11326
11238
10951
11200
11042
10949
11115
11161
11016
11393
11094
10988
11215
11063
11000
11072
11137
11079
11131
11088
11126
11414
10847
11127
11246
10938
11021
11391
11108
11004
11259
11076
10900
11078
11152
11040
11359
11212
10837
11240
11182
10909
11250
10989
11005
11346
11029
10918
11407
11030
10963
11316
10904
11211
11234
11064
11048
11178
11103
10993
11223
11099
11029
11308
11007
11096
11265
10920
10871
11233
11228
10910
11442
11220
10893
11178
11147
10908
11269
10916
11052
11345
11085
10995
11292
11060
10988
11208
10943
11001
11170
11422
10779
11408
11062
10862
11339
10987
11208
11184
11193
11001
11198
11083
10943
11276
11052
11091
11159
11107
11018
11295
11276
10688
11230
11084
10908
11344
10990
11160
11164
11212
10911
11232
10921
11165
11343
11073
10998
11305
11100
10867
11288
10920
11106
11159
11541
10678
11321
11055
10901
11119
11146
11108
11267
11155
11003
11191
11069
10970
11249
10878
11025
11343
11051
11177
11170
11153
10823
11316
11107
11000
11249
11162
10989
11285
11067
10823
11420
11115
18771
3417
11057
11046
11338
11038
10912
11291
10894
11070
11306
10960
11263
11514
10881
11179
10976
10913
10954
11447
11256
10884
11178
11140
10951
11292
11107
10687
11547
11137
10941
11295
10991
10950
11246
10913
11119
11741
10882
10898
11263
10999
10919
11334
10891
11078
11199
11092
11158
11350
11027
10816
11298
10906
11168
11190
11290
10774
11421
13742
8621
10882
11132
10906
11220
11162
10915
11213
11281
10925
11265
11130
10973
11311
11112
10966
11294
11047
10895
11272
11196
10886
11392
11005
10993
11341
11188
10818
11264
11028
10784
11287
11341
10938
11364
11025
10952
11163
11102
11020
11257
10995
11000
11329
11089
10910
11414
11004
10711
11228
11383
11022
11158
11191
10871
11166
11198
10711
11404
11462
10803
11381
10870
11054
11132
11273
11012
11051
11432
10842
11407
10916
10955
11518
11145
10669
11152
11350
10850
11358
10862
11069
11309
11100
11040
11066
11238
10953
11277
11088
10925
11434
10955
10931
11319
11189
10814
11349
11050
11008
11198
11117
10969
11266
11135
10942
11313
10887
11114
11304
11104
10922
11271
11443
10674
11260
11086
10877
15309
7045
11081
11227
11046
11106
11271
11075
10897
11216
11131
10945
11285
11078
11082
11302
11042
10836
11364
11080
10973
11212
11102
10948
18961
3522
10845
11400
11075
10918
11148
11127
10933
11321
11415
10687
11278
11109
10928
11214
13100
8926
11396
11218
10662
11440
11157
10878
11090
11334
10952
11265
11115
10968
11249
11044
10994
11083
11114
11099
11416
11047
10942
12277
10010
11024
11252
11020
11073
11319
11064
10911
11244
11312
10832
11201
11263
10944
11316
11030
10956
11218
11124
10924
11239
11101
11087
11295
11109
10843
12137
10155
11002
11280
11051
11061
11529
10881
10914
11289
11085
10928
11183
11006
10990
11484
10992
11005
11262
11170
10894
11253
11182
10976
11266
11123
10869
11161
11227
10948
11250
11059
11007
11432
11052
10937
11241
11175
10837
11355
11109
10998
11300
11029
10955
11183
11179
10950
11280
11060
11053
12323
10045
10841
11316
11060
10982
12005
10218
11174
11293
11130
10894
11212
11088
10984
11229
11014
11057
11366
11105
10907
11208
12114
10025
11233
11039
11012
11540
10881
10936
12088
10281
11054
11051
11115
10954
11521
11010
10916
11283
11087
10932
11294
11055
11060
12420
9997
11014
11113
11186
10955
11204
11844
10090
11430
11111
10892
11045
11363
11029
11182
10952
11242
11329
10992
10872
11296
12158
9968
11253
10994
11012
11548
11288
10511
11208
11128
10997
11048
11211
11023
11299
11111
11023
11131
19275
2673
11307
11146
11074
11946
10475
10916
11219
11109
10896
11131
11131
11001
11498
11335
10585
11128
11157
11119
11342
10987
10976
11464
10960
10906
11351
10975
10970
11262
11024
11002
11484
11595
10358
12133
10346
10963
11238
10979
11072
11249
11060
11050
11261
11139
10938
11170
10968
11197
11281
11130
10889
11258
11078
10882
11295
12282
9844
11398
11050
10898
11183
11139
10833
11360
10990
10974
11552
10777
11096
11123
11237
10920
11163
11057
11128
11339
11391
10461
11310
11141
11033
11122
11251
10999
11482
11100
10865
11214
11141
10916
11291
10973
10980
11494
10994
10867
11389
10986
11010
11297
11016
11070
11367
11045
10957
11304
11067
10962
11235
11013
11146
11244
11194
10814
11268
11059
10907
12437
9811
11155
11260
11228
10748
11350
11091
10980
11279
11017
10973
11592
10644
11182
11253
10945
11151
11210
11005
10995
11395
12176
9794
11275
11343
10733
11258
11111
11009
11260
11020
11056
11217
11112
10934
11172
11141
10989
11122
11316
10807
11408
11085
11001
11265
10981
10841
11426
11125
11049
11214
11164
10904
11045
11115
11076
11124
11417
10600
11563
11134
10998
10982
11266
10957
11301
11473
10918
11228
10823
10928
11157
12599
9433
11357
11057
10911
11520
11050
11022
11278
10923
18811
3415
11116
11065
11268
11032
10965
11225
11065
11053
11433
11091
10618
13154
9506
11195
10995
11143
10986
11280
11111
10927
11322
11000
10967
11219
11173
10874
11475
10916
11070
11763
10787
10874
11323
10550
11020
11399
11073
11152
11182
11173
10866
11117
11130
11094
11290
11079
11034
11261
11075
10800
11371
11082
11066
11359
11409
10394
11274
11322
10734
11229
11068
10956
11383
11209
10952
11060
11334
10877
11222
11098
10984
11332
11076
10924
11309
11168
10911
11316
10982
11290
11468
10629
11009
11196
11125
11166
11249
11054
10831
11492
11082
10809
11290
11098
10960
11347
11082
10932
11355
11109
10727
11485
11299
11004
11588
10331
10939
11113
11234
10823
11436
11241
10934
11077
11190
10992
11256
11228
10860
11104
11299
10950
11244
11048
10892
11404
11220
10887
11351
11028
10942
11053
11197
11002
11249
11203
10775
11263
11244
10797
11362
11157
11030
11197
11042
10986
11418
11107
11054
11033
11105
11108
11137
11088
10894
11213
11149
11125
11283
11040
10892
11311
13448
8970
10930
11170
11030
11177
11074
10992
11110
11381
10804
11397
11193
10997
11239
10876
11013
11112
11124
10993
11464
11121
10904
11152
11175
10931
11245
11418
10554
11159
11367
10749
11418
10889
11036
11326
11311
10847
18782
3633
10864
11260
10971
11204
11127
11237
10914
11231
10962
11183
11219
11086
10845
11311
11277
10862
11083
10955
11278
11298
11043
11016
11193
11103
11083
11256
11205
10864
11251
11060
11048
11189
11280
10747
11176
11227
11009
11227
11076
10986
11149
11338
10806
11294
11288
10839
11368
11002
10978
11104
11127
10896
11447
11155
10964
11046
11218
11057
11175
11152
10963
11299
11123
10923
11214
11086
11047
11177
11543
10699
11259
10908
11160
11225
10994
10944
11298
11104
10843
11521
11005
11091
11176
11148
10770
11250
11038
10963
11352
11110
10844
11509
11110
10846
11248
11045
11075
11358
11154
10944
11249
11061
10959
11138
10964
11089
11306
11110
10809
11287
11150
11051
11295
10835
11066
11367
11139
10949
11278
11143
10952
11070
11063
11057
11260
11287
10937
11215
11109
10969
11320
11041
11004
11160
11158
10996
11218
11140
11031
11176
11086
11054
11373
11031
10973
11013
11108
11186
11151
11069
11146
11299
11016
11000
11205
11199
10912
11244
10917
11074
11353
11069
10969
11233
11155
10980
11268
10908
11074
11337
11037
11002
11184
11203
10888
11296
10907
11280
10995
11133
10970
11216
11296
10949
11098
11104
11166
11224
11110
11017
11267
10909
11060
11287
10968
10970
11389
11175
10913
11231
19357
2647
11155
11173
11064
11303
11157
10952
11267
11063
10871
11389
10940
11052
11201
11295
10775
11182
11068
11028
11646
10757
10965
11357
11195
10761
11393
11153
10964
11211
10963
11012
11387
11109
11000
11173
11172
11001
11147
10992
10973
11416
11032
10819
11470
11142
10917
11158
10945
11158
11297
11118
11008
11319
11047
11001
11166
11026
11122
11273
11053
11102
11173
11124
10992
11032
11075
11042
11337
11189
10988
11174
11172
11004
11162
10982
10985
11432
11049
11017
11087
11298
11181
10902
11134
10883
11450
10910
11060
11114
11057
10963
11228
11136
11038
11247
11166
11026
11240
11124
11023
11220
11156
10821
11183
11280
10938
11310
11115
10986
11131
11158
10859
11242
11051
11186
11267
11051
11006
11196
10919
11009
11359
11220
10962
11198
11052
10961
11329
11113
10831
11310
11236
10942
11316
11091
11013
11191
10915
10987
11427
11485
14083
8132
10785
10945
11237
11060
10883
11404
11042
11033
11366
31338
5349
19159
2156
3621
5048
10985
10928
11449
11402
10490
11425
11043
10943
11696
10789
11187
10888
11224
10968
11301
10944
11122
11349
11091
10860
11233
11218
10902
11414
10989
10883
11435
11016
10924
11209
11174
10857
11343
11086
11088
11128
11188
10840
11338
11112
11006
11249
11053
18671
3519
11143
10956
11346
11099
10914
11091
11129
10949
11407
11144
10915
11306
11078
10974
11279
11081
10809
11427
11190
11034
11207
11079
10884
11338
11044
10759
11480
11155
10904
11252
11097
10981
11388
10938
10992
11259
11145
11004
11178
