1387090
7335
2453
26800
22423
11001
10668
11286
11071
12579
9539
11279
11271
10933
10838
11346
11063
10729
11395
31894
1901
3839
6938
10990
11169
11018
10939
11474
10953
11038
11310
11204
10700
11113
11068
11490
10955
11006
11386
11082
10791
11272
11171
11042
11213
10865
11401
11093
10913
11364
11122
10906
11313
31142
1810
3636
7806
11317
10743
11315
11058
10884
11316
11297
10860
11223
11130
10955
11278
11036
11020
11558
10807
11039
11259
11084
10955
11760
10520
10977
31111
1886
3170
8381
11258
10833
11312
10978
11001
13427
9028
11030
11221
11109
10876
11377
11049
10967
11232
11419
10746
11294
11113
10753
11336
11111
10979
11240
11177
10931
11310
12705
9375
11260
11075
10980
11169
11010
11090
11324
11075
10963
11088
11278
10918
31125
3029
4246
6204
10845
11190
11358
11078
10984
11274
12026
10075
11529
10714
11039
11277
11810
10230
11362
11040
10713
11552
34106
27432
1948
3629
10309
15184
7286
10701
12745
9948
11066
10923
11327
11065
10912
11114
11403
11036
10927
11296
32103
27342
1953
3617
2225
10510
10816
11225
12293
9862
11343
11230
10811
11180
11289
10975
11156
14057
8006
11243
11007
11044
31701
2122
3824
6768
11487
10747
11379
11060
10805
12584
9997
19212
2875
11167
11025
11303
11040
10969
11461
10808
11060
11309
11173
10956
31563
2213
3492
7308
11124
10903
11221
11792
10229
11322
10890
11038
11594
11012
10930
11229
10963
11093
11241
10935
11237
11227
11046
10945
11294
11149
11043
11065
11157
10951
11436
11085
10743
11393
31543
1893
29462
2102
3544
8882
11277
11138
11087
11249
11165
10876
11411
11166
10840
11251
11024
11017
11842
10491
10728
11191
31776
27156
2009
3042
2756
11288
10914
11132
11422
11040
10984
11237
11141
10874
11335
11139
10811
11336
11680
10450
11266
31599
1800
29436
1912
3608
9057
11310
11163
10992
11273
11107
10802
11379
11182
10811
11406
11068
10873
11445
11352
10530
11250
31426
1952
3317
7721
11106
10951
11454
10938
10882
11545
11106
10904
11616
10864
11017
11080
11069
10935
11434
11261
10721
11272
11128
11004
30698
1960
3332
8591
11166
10851
11323
11104
10917
11297
10991
10988
11369
11150
10915
11128
11394
10753
11500
10935
10840
11411
30250
1818
3675
8692
10938
11301
10990
10769
11460
11279
10979
11183
11086
11002
11239
11139
10755
11432
11231
10769
11311
11040
11052
30133
2016
3715
8394
11320
11109
11227
10816
11265
11059
11281
10903
11363
11196
10876
11277
11194
10627
11544
11128
10794
18900
21762
1595
3542
9827
11162
11197
11041
10924
11353
11177
10846
11279
11148
10948
11271
36422
2133
3193
2591
10986
11310
11091
11006
29951
1797
3354
9469
11206
10960
11192
10949
11255
11145
10899
11193
11260
10995
11260
37923
1738
3582
12194
7736
3079
11540
11013
11011
11194
11142
10924
11294
11063
10990
11301
11107
10980
11256
11118
10877
11299
38036
1782
3918
11525
11426
10939
11223
11136
11189
11162
10980
11003
11350
11053
10937
11277
11074
10881
11144
11076
11288
11295
10767
11155
11135
11339
10954
10965
11135
11085
11419
10903
11097
11270
11109
10911
11093
11068
11149
11253
11133
10906
11248
11372
10858
11156
11054
11111
11294
11079
10887
11160
11176
10910
11241
11154
10997
11370
11075
10909
11254
11130
11024
11174
11069
10852
11547
11049
10915
11213
11124
10997
11087
11192
11078
11299
11081
10836
11402
11115
10970
11016
11219
10981
11485
10972
10808
11455
11193
10627
11260
11213
11388
10970
11152
10926
11128
11181
10946
11189
11020
11023
11431
11061
10990
11284
11085
10861
11013
11261
10930
11627
11164
10918
11138
11088
10726
11270
11165
11151
11369
11007
10965
11183
11134
10904
11281
11016
11100
11338
11071
11023
11214
11017
10993
11294
11317
10883
10922
11138
11115
19354
2789
11060
11309
11161
10886
11344
11145
10898
10983
11394
10977
11183
11110
10923
11363
11143
10949
11391
11133
11044
10881
11041
11003
11410
10951
11199
11159
11276
10878
11068
10986
11032
11391
11182
11084
11147
11158
10949
11227
10900
11133
11312
11096
10995
11232
11164
10892
11277
10963
11059
11482
10987
10975
11213
11251
10757
11097
11311
10914
11511
10993
10927
11306
11104
10832
11292
11108
10871
11528
11020
10967
11022
11103
11095
11320
11040
10938
11515
11121
10829
11218
11153
10868
11273
10908
11123
11418
11156
10683
11583
11072
10822
11160
11114
10941
11185
11270
11026
11297
11070
10886
11299
11095
10946
11330
10790
11144
11356
11005
10816
11356
11058
10943
11446
11105
11012
11298
11141
10705
11429
11057
10961
11265
11166
11050
11299
11043
10936
11272
11104
10911
11337
11158
11009
11195
11107
10942
11221
11069
10983
11150
11092
11138
11297
11066
10744
11182
11305
10916
11411
11059
10961
11399
11153
10761
11183
11188
10965
11121
11299
10999
11081
11623
10633
10976
11279
10969
11381
10967
11034
11345
11177
10833
11260
11084
10800
11190
11294
11050
11257
11056
10950
11278
10938
10930
11492
11321
10706
11263
11305
10734
11134
11140
11044
11441
11064
10947
11312
11130
10684
11355
18900
3036
11284
13879
8654
11006
11174
10921
11390
11063
10821
11018
11116
11240
11210
11182
10852
11132
11207
11008
11378
10879
10979
11422
10906
11132
11176
11008
11087
11245
11141
11037
11331
11098
10841
11081
11292
10885
11207
11316
10916
11305
11118
10954
11207
11105
10938
11332
11153
10893
11268
11086
10931
11233
11110
10985
11446
11056
10968
11275
11056
10908
11196
11151
10759
11393
11238
10949
11260
35206
1903
3252
3955
11063
11062
11139
11394
10981
11243
11017
10802
11254
11247
10882
11412
11109
10968
11364
10975
10993
11192
11107
10915
11242
11258
11041
11258
10997
10897
11241
10880
11277
11215
10973
11031
11632
11053
10701
11241
10907
10990
11425
11180
11032
11169
11066
10979
11289
11026
10884
11376
11124
10960
11341
11062
10943
11243
11130
10922
11535
11280
10557
11394
10734
11177
11159
11083
10958
11214
11356
10882
11112
11400
10850
11213
11138
11054
11302
11131
10910
11254
11058
10994
11550
10993
10658
11266
11000
11097
11332
11082
10992
11206
11056
10861
11321
11276
10929
11276
10916
11182
11218
11057
10835
11309
11217
10839
11450
11288
10777
11065
11142
10902
11384
11158
11021
11236
11104
10948
11258
11036
10937
11377
11177
10917
11276
11060
10956
11195
11134
10901
11438
19385
2428
11240
11102
10949
11258
11241
10967
11438
11072
10947
11277
11082
11012
11203
11059
10891
11263
11287
10955
11258
10898
10916
11543
11107
10795
11271
11060
11144
11203
11115
11008
10984
11323
10914
11368
11127
10962
11201
11095
10991
11273
11074
10935
11380
11118
10798
11312
11191
10835
11081
11073
10991
11336
11356
11040
11388
10883
10943
11216
10987
11048
11375
11132
11062
11150
11031
11037
11156
11111
11013
11333
11182
10600
11294
11099
10918
11477
11068
10958
11345
11173
10960
11169
11141
10902
11228
11093
10977
11213
11275
10963
11277
11098
11031
11160
11123
10871
11238
10981
11003
11472
11124
11000
11232
11058
10966
11010
11472
10910
11054
11308
10921
11277
11063
10768
11149
11502
10881
11403
11203
10843
11022
11145
10890
11315
11267
10994
11316
11082
10849
11223
11094
10802
11337
11284
10994
11115
10981
11178
11229
11170
10868
11407
11185
10666
11198
11033
11062
11418
11091
10885
11390
11168
10934
11278
10867
11116
11232
11068
10982
11351
11167
10960
11287
11073
11039
11126
11158
10848
11228
11019
11167
11206
11107
11015
11250
11090
11031
10874
11520
10673
11547
11060
10974
11245
11110
10945
11220
11223
11015
11041
11322
10894
11022
11082
10991
11094
11458
11019
11189
10854
19126
3225
11039
10955
11283
11227
10962
11309
11157
10971
11199
11103
11028
11056
11455
10679
11248
11056
10942
11470
11101
10909
11196
11136
11034
11454
11009
10881
11336
11014
10953
11192
11164
11019
11248
11126
11068
11206
11160
10832
11220
10944
11077
11239
11243
11010
11173
11150
10920
11207
11087
10993
11483
10850
10956
11482
10978
10897
11248
11075
11174
11328
11091
10831
10971
11212
10762
11377
11362
10996
11345
11010
10939
11296
11106
10880
11205
11277
10828
11304
11060
11025
11264
11099
10978
11238
11386
10610
11325
11015
10923
11252
11162
11045
11257
11058
11117
11192
11030
10941
11238
11104
11191
11125
11198
10933
11378
11013
10984
11297
11133
10833
11231
10985
10897
11491
11160
10997
11179
11178
10953
11164
11125
11078
10952
11436
10924
11220
11144
10876
11258
11189
10988
11295
11067
10919
11079
11098
10981
11176
11264
11085
11398
11009
10909
11273
11084
10724
11429
11083
10944
11512
11045
10972
11162
11106
10922
11259
11165
10905
11212
11087
10921
11564
10986
10928
11273
11105
11034
11283
10847
11122
11249
11162
10909
11217
11059
11141
11238
11156
10650
11741
10855
10989
11256
10863
10948
11409
11226
11000
11187
11146
10930
11089
11265
11127
11156
11137
10889
11281
11078
10923
18927
3313
11015
11467
11179
10833
11075
11078
10938
11284
11249
11014
11287
11072
11065
11210
11085
10895
11267
10951
11211
11330
11112
10690
11436
11145
10886
11341
11081
10918
11184
11058
10912
11435
11031
11046
11253
10949
11130
11361
11080
10931
28475
1930
3668
10326
10992
11136
11276
11194
10957
11486
11048
10825
11167
11076
10877
11365
11156
10999
11279
11125
10953
11203
11114
10955
28957
2019
3821
9655
11313
10960
11282
11080
10861
11327
10990
11096
11038
11083
10781
11386
11288
10920
11293
11026
11029
11209
30075
1581
3805
8998
10798
11413
11051
10952
11301
11253
10869
11307
10907
11173
11174
11128
10829
11453
11390
10658
11228
11021
11126
11361
11245
10852
11249
11025
10987
11216
11162
10947
11335
10827
11256
11348
10936
11323
10814
11061
10996
11364
11144
11041
11235
11124
10830
11341
11060
10847
11508
11152
10897
11110
11200
10937
11290
11105
10927
11242
11333
10877
11071
11038
10842
11321
11297
10973
28431
1964
3296
10948
11114
10957
11216
11086
10840
11484
11001
11032
11307
11095
10588
11555
11165
10894
11221
11030
10923
11301
11354
10934
11098
11241
10948
11425
11043
10969
11221
10991
11023
11189
11190
10917
11213
10982
11222
11114
11074
10957
11246
11088
10788
11438
18639
3546
11269
11154
10983
11220
11133
10906
11205
11260
11003
11230
11079
10973
11203
11080
10931
11407
11166
10953
10932
11112
10946
11410
11110
10871
11560
11033
11048
11150
11097
10977
11224
11056
10996
11437
11011
10942
11297
11192
10843
11289
11149
10880
11227
10962
11008
11365
11064
10869
11358
11139
10948
11215
11251
11014
11229
10866
11142
11189
10964
11105
11439
10998
10990
11198
11224
10992
11080
11055
10916
11190
11144
11207
11317
11033
10945
26468
2151
4734
11244
11047
11139
11234
11009
10968
11145
11180
10994
11158
11278
11028
11085
10951
10841
11348
11296
10831
11504
11101
10976
11229
11159
10906
11216
11167
10915
11089
11366
10905
11301
11093
10857
11300
11188
10718
11367
11147
11099
11232
11019
10999
11176
11162
10984
11135
11285
10912
11407
10999
10909
11168
11151
11034
11178
11043
11179
11064
11273
10924
11240
11071
10697
11411
11020
11231
11278
11143
10907
11247
11097
11000
11224
11053
11044
11338
11091
10940
11200
11122
10946
11238
11047
11129
11299
10776
11198
11220
11175
10919
11213
11050
10951
11467
11109
10883
11202
11193
10989
11176
11178
10857
11369
10908
10932
11531
10945
11017
11044
11198
11118
11257
11103
10956
11217
11076
10999
11218
11093
11095
11287
11016
18923
3071
11160
10988
11356
11056
11086
11291
11137
10979
11199
11027
10993
11025
11126
11098
11429
11088
10948
11306
11039
10952
11244
11178
10921
11252
11120
11004
11217
11070
10965
11233
11029
11244
11214
11095
10901
11222
11111
10961
11199
10963
11204
11302
11055
10985
11303
11017
10956
11255
10993
11001
11284
11258
10953
11253
11028
11016
11206
11068
10942
11156
11308
10955
11323
11145
10845
11269
10949
11090
11473
11045
10836
11349
11096
10882
11265
11127
11066
11401
11016
10919
11194
11100
10736
11483
10992
11040
11350
11185
10669
11396
11105
10721
11525
11049
10824
11498
11172
10841
11289
11135
10912
11262
11086
10824
11502
11110
10870
11313
11072
11024
11144
11112
11030
11042
11330
10960
11299
11060
10945
11223
11067
11013
11410
11137
10911
11220
11065
10950
11254
11112
11046
11281
11049
10824
11361
11153
10910
11255
11086
10895
11520
11085
10965
11177
11103
10806
11425
11024
11072
11301
11091
10944
11240
11036
10971
11212
11101
10938
11466
11115
10888
11320
11013
10934
11254
11080
10940
11484
11054
10920
11242
11129
10949
11205
11074
11040
11399
11082
10667
11269
11276
10935
11279
10893
11008
11415
11301
10792
11343
11037
10979
11207
11080
10817
11423
11204
10901
11275
11040
10904
19075
3181
11088
11375
11188
10795
11358
11110
10924
11265
11061
10914
11491
11066
10878
11315
11067
10970
11096
11190
10994
11450
11098
10942
11182
11047
10976
11327
10878
11131
11364
11086
10920
11281
11058
10989
11183
11094
10988
11231
11254
10950
11304
11017
10953
11253
11073
10910
11500
11040
10926
11239
11113
10988
11244
11005
10726
11653
11100
10879
11300
11057
11016
11203
11058
10974
11253
11143
10954
11437
10952
11094
11157
11090
10925
11616
10882
11000
11180
11089
10901
11291
11070
10874
11342
11022
11200
10960
11341
10830
11335
10961
11077
11209
11614
10544
11216
11186
10986
11236
11085
11006
11209
11234
10917
11275
11139
10888
11244
11117
10908
11237
11361
10902
11149
11149
10924
11241
11478
10602
11449
11055
10898
11236
11014
10983
11272
11089
10934
11130
11458
10879
11145
11225
10892
11287
10881
11109
11267
11252
10813
11445
11050
10927
11198
11078
11013
11199
11280
10925
10993
11294
11037
11182
11088
10935
11244
11238
10851
11410
11040
11038
11199
11039
10988
11228
11304
10877
11280
11113
10985
11085
11096
11018
11234
10935
11061
11470
11014
10945
11280
11067
10680
11253
11423
11032
11262
11121
10952
11216
11178
10759
11181
11482
10717
11386
11168
10876
11348
10995
10780
11326
19622
2414
11374
11241
10876
11270
11047
11018
11179
11262
10968
11114
11215
10923
11341
11051
10977
11158
11111
10935
11458
11220
10789
11264
11043
11007
11071
11253
10819
11403
11163
10953
11301
11050
11004
11172
11495
10694
11215
11148
10919
11218
11105
10983
11211
11269
10765
11432
11067
10860
11297
18986
2919
11352
11333
10716
11439
11090
10966
11479
10753
11157
11110
11275
10936
11071
11239
10963
11317
10935
11117
11270
10995
11039
11150
11266
10808
11356
11103
10942
11301
11032
10962
11174
11347
10753
11354
10942
11136
11179
11027
10967
11201
11334
10962
11285
11044
10965
11264
11045
11067
11303
10913
11193
11175
11062
10985
11246
11319
10768
11129
11189
11116
11208
11106
10768
11317
11255
10908
11114
11212
10945
11364
11072
11025
11209
10998
11099
11176
11126
11124
11174
11088
11037
11179
10990
10936
11456
11137
10989
11189
11094
10979
11071
11198
10970
11238
11262
10954
18508
3767
10987
11096
11183
10923
11394
10939
11090
11199
11063
11036
11241
11114
10994
11169
11176
11175
11114
10990
11091
11256
18408
3468
11321
11168
10860
11390
11152
10994
11060
11235
10977
11230
11286
10797
11331
10913
11170
11095
11256
10887
11197
11320
10797
18505
3907
11058
11081
11184
11024
11143
11324
18891
3087
11164
11096
11118
11169
10922
11469
11046
10998
11150
11083
10854
11289
11152
11081
11236
11045
11072
11016
11106
11123
11333
11072
10856
11236
11347
10892
11284
11010
10975
11240
10984
10891
11587
11079
10864
11218
11170
10824
11432
11058
10912
11404
11118
10911
11284
11057
10976
11240
11050
10917
11548
11030
10928
11191
11130
10913
11338
11024
11059
11198
11275
10992
11150
11033
10957
11227
11070
11086
11244
11157
10954
11144
10941
11234
11197
11025
11008
11140
11332
10885
11272
11116
10981
11217
11076
11032
11274
11117
11006
11212
11106
10929
11249
11100
10938
11254
11308
10746
11378
11071
10791
11249
11081
11079
11480
11213
10839
11187
11136
10989
11222
11027
10960
11181
11155
11118
11182
11149
10940
11365
11091
10958
11317
10917
10911
11205
11057
11171
11259
10985
11268
11268
11009
10961
11247
11012
11006
11186
11104
11024
11380
11057
10928
11247
11118
10858
11365
10999
10856
11263
11382
10919
11211
11110
10976
11205
11062
10936
11509
11000
10944
11525
10787
10963
11106
11321
10927
11695
10931
10868
11213
11007
10797
11276
11116
10969
11563
11103
10906
11198
10899
11149
11250
10948
11033
11429
11163
10877
11241
10981
11044
11259
11128
10979
11494
10783
10958
11178
11232
10882
19073
3361
10790
11631
11033
10891
11321
11050
11032
11222
11060
10942
11321
11262
10835
11092
11176
10947
11171
11304
10786
11305
11216
11053
11246
11055
10999
11218
11175
10864
11428
11118
10859
11289
11061
11260
10886
10937
10946
11402
11212
11036
11227
11049
10856
11240
11048
10973
11543
11176
10959
11194
10972
11058
11155
11161
10766
11533
10990
10969
11284
11123
10971
11232
11193
10841
11470
10860
10952
11312
11228
10887
11075
11251
10927
11315
11229
10853
11327
11136
10868
11311
11065
10992
11185
11287
10808
11307
11244
10848
11370
10899
11004
11127
11282
10909
11342
10906
11179
11262
11070
10786
11609
11041
10894
11261
11090
10961
11232
11054
10788
11534
11229
10904
11333
10949
10766
11303
11064
11117
11294
11218
10896
11373
11056
10882
11101
11245
10899
11335
11152
11017
11273
11045
10938
11187
11172
11146
11048
11024
10914
11217
11300
10955
11266
10951
11115
11250
11482
10688
11241
11075
10928
11278
11143
10886
11282
11187
10977
11132
11196
10791
11458
10965
10868
11202
11379
10890
11205
11260
10900
11417
10954
10901
11485
15230
6737
11292
11041
10926
11193
11260
10812
11248
11454
10785
11289
11054
10792
11289
11006
10978
11555
11064
10988
11185
11097
10853
11340
10955
11044
11398
19388
2522
11314
11209
10915
11228
11166
10878
11457
10819
11088
11065
11393
10836
12942
9457
10673
11447
11196
11096
11201
11037
10885
11394
11095
10859
11209
11216
10845
11430
11120
10941
11130
11182
10896
11172
12029
10120
11415
11094
11037
11154
11135
10912
11204
11282
10704
11549
11072
10910
11251
10922
11000
11347
11233
11003
11110
11241
10691
11280
11187
10884
11368
12255
9937
11155
11045
11092
11135
11388
10616
11398
11253
10819
11412
11074
10911
11218
11131
10791
11458
11018
10789
11354
11310
10946
11292
11035
10900
11171
11375
10859
11307
11128
10784
11354
11051
10764
11455
11056
11136
11293
10932
11128
11296
11035
10898
11103
11324
10874
11295
11206
10879
11362
12021
9927
11243
11205
10964
11256
11932
10239
11182
11089
10968
11067
11467
10762
11435
11018
10783
11143
11145
11078
11280
11209
10944
12307
10113
10915
11245
11074
10964
11201
12203
9915
11215
11248
10920
11209
11094
10951
11283
10984
11006
11247
11093
11099
11217
12160
9896
11355
11019
11059
11328
11006
10935
12269
10158
10835
11262
11270
10826
11347
11382
11002
11230
10841
10899
11148
11219
10992
12164
10279
10883
11281
11264
11457
10665
11068
10902
11258
11205
10826
11371
11028
10935
13487
9225
10755
11220
11151
18814
3109
11641
10344
11484
11191
10999
11244
11134
10849
11280
11156
10885
11186
11353
10869
11291
11146
10846
11354
11093
10960
11122
11121
10992
11219
11039
11056
11378
11143
10919
11855
11558
9862
11343
11167
10872
11303
11093
10895
11357
11078
10982
11354
11158
10915
11276
10993
10919
11198
11017
10973
11356
11225
10863
12715
9673
10959
11240
11109
10993
11316
11127
10930
11245
11075
10921
11293
11150
11026
11226
11148
10799
11131
11062
11244
11494
10910
10948
11219
11263
10885
11289
10987
10867
11258
11198
11053
11338
11167
10796
11294
11087
11179
11128
11051
10831
11247
11250
10911
11338
11050
10950
11318
11097
11003
11294
11128
10916
11228
11072
11006
11245
11046
11092
11308
12266
9807
11256
11052
10928
11071
11016
11006
11408
10921
11221
11251
11119
10840
11299
11077
11046
11250
10845
11234
11260
10974
11061
12444
9885
11110
11260
11170
10706
11196
11091
11113
11287
11096
11027
11241
11158
10936
11252
11077
10970
11031
11230
11000
11171
11278
10885
11154
11545
10780
11249
10991
10800
11331
11027
11113
11318
11117
10897
11290
11103
10956
11336
10986
11013
11370
10896
11099
11242
11095
11034
11170
11194
10938
12806
9641
10895
11084
11145
11094
11428
11062
10821
11359
11015
10785
19066
3304
10957
11519
11132
10997
11221
11061
10962
11187
12877
9404
11259
11088
10730
11238
11075
10960
11432
11094
10690
11691
11040
10976
11123
11194
10928
11303
11306
10664
11351
11032
10914
11308
11049
11203
11338
10861
10858
11443
10686
11120
11348
11171
10842
11307
11140
10971
11285
11118
10940
11319
11084
10889
11264
11112
10900
11376
11193
10937
11136
11154
10793
11319
11085
10930
11442
11117
11022
11245
11070
10988
11218
11074
10981
11428
11065
10978
11243
10934
11039
11190
11159
10995
11328
11029
10932
11263
11065
11126
11255
11176
10825
11341
11084
11007
11286
11121
10809
11343
10931
11174
11172
11181
10896
11244
11118
11176
11331
10665
11096
11176
11023
11127
11232
11047
11035
11284
11010
10888
11323
11303
10919
11241
11136
10733
11424
11117
10963
11293
11301
10970
11158
11086
10642
11267
11176
10910
11258
11355
11106
11103
11045
11043
11236
11016
10945
13605
9025
10677
11410
11073
10983
11308
11041
10984
11193
11159
10796
11254
11109
11142
11236
11089
10980
11065
11077
11213
11260
11097
10855
11343
11151
10819
11325
11180
10883
11289
11297
11102
11368
10791
10829
11186
11127
11038
11377
11106
10906
11248
11102
10928
11167
11274
10848
11303
11122
10920
11283
11049
10843
11267
18696
3745
11060
11211
10960
11080
11056
10972
11195
11435
10900
11281
11082
10965
11299
11025
10933
11062
11338
10786
11285
11133
11109
11289
10889
11444
10900
10981
11047
11178
10986
11247
11305
11074
10946
11203
11220
10789
11399
11081
11003
11263
11090
10859
11328
11201
10855
11161
11278
11201
11157
10964
10964
11074
11203
10979
11297
11039
10925
11363
11073
10885
11289
11016
11201
11165
11133
11012
11282
11092
10815
11308
11188
11011
11269
11162
10872
10966
11270
11057
11285
11214
11011
11243
11128
10927
11245
11142
10949
11128
11261
10923
11304
11157
10940
11275
10952
11025
11329
11070
10802
11272
11067
11069
11292
11110
10879
11244
11049
11060
11247
11122
11011
11215
11109
10934
11229
10931
11183
11148
11203
11075
11244
11107
10972
10972
11075
10998
11380
11096
11115
11297
10878
10963
11329
11183
10923
11177
11045
11102
11330
11153
10971
11098
11107
11091
11079
11194
10857
11284
11105
11024
11193
11132
11118
11325
11004
11141
11096
11058
11075
11018
11239
11040
11299
11008
10887
11426
10980
11125
11126
10995
10999
11253
11064
11079
11336
11143
10933
11185
11137
11024
11227
11086
10998
11289
11026
10844
11366
11085
11050
11264
11071
10872
11378
11156
10945
11038
11063
11093
11356
11110
18910
3186
11190
11139
11063
11147
11098
11193
11136
10978
11226
10976
11056
11067
11081
11045
11308
11173
10922
11064
11251
10865
11389
10976
10980
11494
10940
11018
11304
11080
10975
11205
11010
11101
11163
11138
10989
11323
11106
11007
11096
11048
11034
11342
11106
11018
11122
11058
11296
11090
11178
11014
11382
10998
10984
11252
11086
10930
11060
11085
11083
11095
11092
11021
11338
11230
10985
11130
10913
11080
11186
11229
11081
11319
11086
10984
11168
11074
11061
11071
11241
11044
11170
11147
11031
11164
11132
10957
11233
11236
10873
11268
11240
10903
11043
11178
11065
11242
11103
11002
11211
11082
10838
11377
11058
11003
11276
11121
11046
11202
11025
11157
11126
11187
10832
11135
11130
10984
11390
11166
10928
11213
11126
10902
11405
10842
11246
11199
11137
10936
11210
11100
10976
11232
11230
10890
11315
11195
10835
11653
11282
10268
11323
11220
10962
11317
11066
10850
11136
11290
11004
33405
19332
2216
3378
8587
11044
11141
11390
15538
6589
12320
9418
11388
11028
10869
11387
11143
11055
11330
11139
10898
11184
11164
10976
11243
11087
11049
11345
11059
10950
11254
11135
10943
11298
10956
10934
11177
11387
10917
11263
11006
11024
11207
11038
11044
11336
11095
10890
11272
11111
10836
18798
3591
11111
11257
11188
10744
11491
11052
10685
11381
11006
11139
11570
10927
11034
11172
11064
10909
11223
11053
11008
11250
11224
10853
11327
10968
11042
11355
11065
11071
11617
10548
10949
11254
11060
11142
11238
11136
10967
