1407207
7587
3507
7119
22447
8215
3946
9735
11579
10907
10999
11233
12629
9239
11333
11321
10883
11383
11001
10923
11287
11140
10875
32027
2199
4084
6408
11019
10905
11316
11004
10884
11264
11115
10894
11521
10933
11116
11303
11074
10807
11388
11077
10839
11546
11105
10894
11092
11322
10812
11283
11138
10961
11363
10838
11027
31420
2023
3341
7649
11494
10927
11301
11152
10886
11239
11369
10607
11304
10959
11049
11371
11125
10859
11987
10628
10813
11087
11116
10936
11832
10592
10861
31308
2007
3492
7903
11050
10983
11468
11147
10933
13307
8969
10845
11405
11181
10793
11452
11175
10894
11158
11535
10422
11021
11169
11092
11381
11195
10761
11370
11185
10865
11152
12624
9528
11392
11111
10868
11314
14079
8063
11232
11237
10820
11369
10831
11097
30847
3008
4352
6315
11124
11086
11297
11092
10884
11288
11953
10047
11531
10921
10949
11347
12044
9936
11331
11063
10936
11276
30714
27014
1993
4523
2628
14627
7380
12191
10052
10841
11305
11174
10958
11219
11095
10957
11244
11196
10749
11615
31488
1801
30602
1955
4100
7241
11462
11322
10724
12403
10026
10766
11412
11102
10959
11366
11121
10869
14097
8363
10885
11399
31496
2011
3637
7009
11348
10975
11237
11027
18808
4232
10062
11188
11349
11193
10819
11338
10947
11076
11310
11047
11093
11338
11042
10891
31290
2118
4514
6325
11240
10985
11420
11717
10268
11351
11097
10962
11195
11087
10886
11537
11093
10688
11467
11026
10926
11255
11254
10823
11505
11412
10748
11125
11014
10911
11149
11214
11099
11069
31624
1857
30258
1926
4634
7347
11753
10830
10909
11252
11062
10959
11188
11091
10972
11449
10713
10826
11927
10836
10898
11361
31224
27112
2133
4179
2250
10648
11133
10942
11526
10827
10968
11385
11047
10914
11481
11174
10754
11304
11411
10581
11341
31546
1633
29463
1840
4132
8947
11210
10989
11200
11341
10689
11502
11010
10979
11140
11356
10747
11659
11012
10841
11448
10975
10733
31462
1966
4231
6929
11310
11148
10872
11241
11115
10878
11255
11277
10904
11347
11215
10743
11133
11129
10913
11443
11093
10855
11413
30468
2122
3879
7749
11235
10906
11342
11200
10849
11402
11032
10910
11255
11104
10791
11512
11090
10883
11569
10874
11073
11142
30297
1977
4152
8287
10807
11187
11000
11084
11193
11090
10786
11465
11044
11154
11247
11119
10897
11265
10966
10918
11524
11138
10856
30075
2167
3454
8575
11509
10851
11270
10964
11115
11467
10788
11080
11096
11112
10932
11433
10938
11245
19307
2925
10989
11226
29055
1658
4366
9014
11130
11225
11341
10769
11393
11192
10829
11307
11206
10896
11616
36367
1720
4374
2194
10254
11422
11078
11058
30150
1811
3724
8803
11141
10942
11337
11239
10719
11404
11111
10704
11257
11258
10980
38700
1888
3743
11373
11225
10814
11304
11017
10761
11605
11132
10755
11279
11211
10874
11274
10987
11004
11622
11043
10677
11483
38293
1873
4055
11116
11347
10889
11323
11119
10941
11230
11080
11025
10797
11428
11256
10943
11099
11296
10904
11280
11216
10841
11420
11156
10915
11260
10981
10770
11426
10959
11094
11217
11063
10976
11480
10912
11149
11112
11131
10974
11427
10978
11089
11144
11166
10860
11264
11078
10901
11520
11013
10754
11435
11052
10933
11227
11119
10904
11516
11156
10916
11185
11099
10956
11258
11053
10985
11256
11219
10933
11184
11162
11002
11216
11040
11019
11416
11047
10922
11283
11084
10836
11296
11068
10964
11502
10997
10944
11511
10897
10894
11252
11068
10934
11470
11118
10933
11247
10994
10797
11147
11331
10978
11216
11164
10651
11440
11302
10882
11221
10918
11127
11351
11062
11103
11223
11050
10975
11255
11135
10957
11159
11270
10944
11303
11009
10891
11264
11116
10922
11241
11336
10921
11108
10990
10958
11271
11293
18551
3739
10961
11176
11216
11094
10938
11050
11350
10929
11249
11143
11041
11213
11047
10823
11284
11255
10950
11057
11102
10995
11542
11056
10890
11029
11304
10999
11163
11247
11052
11197
11117
10894
11092
11272
10972
11216
11184
11036
11234
11139
10928
11163
11139
10922
11249
11248
10740
11469
10999
11081
10997
11293
10931
11284
11286
10839
11361
11082
10904
11282
11069
10996
11199
11019
10945
11273
11020
11118
11070
11281
10837
11227
11233
11107
11175
11181
10793
11384
11024
10908
11400
10960
11239
11295
11000
10835
11118
11306
10967
11133
11269
10975
11278
11077
10924
11170
11247
10914
11283
10950
11147
11248
11154
10865
11291
11137
10998
11166
11130
10836
11492
11044
10937
11277
11062
11002
11163
11275
10737
11501
11118
10887
11232
11112
10801
11350
11125
11116
11268
11088
10826
11290
11155
11025
11082
11098
10981
11373
11142
10903
11038
11292
10944
11236
11233
10757
11524
11095
10992
11127
11136
10960
11229
11201
11066
11165
11076
10954
11256
11055
11022
11259
10956
11036
11338
11055
13179
8976
11163
11007
11191
11330
11269
10971
11022
10847
11304
11059
11034
11147
11349
10680
11748
10685
10930
11337
11083
10816
11349
11294
10793
11460
10842
11106
11241
11152
10924
11122
11230
10918
19448
2826
10999
11389
11054
10966
11363
11099
11021
10985
11055
11153
11141
11078
11156
11250
11155
10929
11300
11071
10939
11269
11132
10863
11001
11367
11098
11280
11029
10881
11377
11127
11119
10854
11208
10858
11462
11140
10750
11465
11008
10980
11116
11311
11037
11320
10980
10929
11232
11169
11047
11171
10906
11088
11404
11119
11020
11121
10987
10923
11262
11073
11102
11423
11107
10887
11219
11083
10993
11237
11058
11047
35174
2001
4204
2896
11426
11093
10998
11388
11219
10738
11352
11023
11168
10925
11209
11113
11006
11374
11059
10981
11172
11079
10986
11061
11243
10978
11268
11118
11006
11250
11107
10992
11228
11076
10902
11354
11200
10890
11230
10978
11175
11156
10953
11072
11400
11232
10782
11246
11180
10896
11014
11257
10974
11487
11099
10907
11319
11011
10772
11283
11227
10852
11226
11162
11071
11000
11353
11038
11179
11045
11000
11396
11159
10859
11232
11055
11036
11174
11156
10930
11381
10971
11080
11189
10898
11240
11281
11021
10731
11565
11116
10974
11230
11022
11052
11211
11043
10864
11392
11315
10908
11149
11062
10981
11308
11062
10781
11288
11442
10844
11236
10821
11083
11413
10965
10860
11668
11083
10940
11177
11273
10831
11181
11105
10900
11257
11134
11059
11223
11103
18743
3341
11155
10934
11203
11414
10877
11303
11026
10998
11090
11236
10904
11129
11339
10916
11283
10952
11157
11219
11103
10759
11514
11210
10733
11342
11291
10725
11382
10999
10827
11514
11189
10905
11165
11029
11086
11246
11077
10934
11450
11121
10899
11158
11127
10985
11245
10971
11013
11316
10890
11133
11257
11184
10959
11123
11178
11049
11374
11191
10634
11414
11113
10954
11326
11079
10870
11320
11208
10889
11273
10859
11192
11018
11175
10882
11396
11381
10903
11213
11049
10954
11186
11147
10925
11267
11298
10970
11157
11066
10832
11404
11142
10869
11421
10942
11051
11270
10889
11141
11252
11098
10957
11161
11255
10669
11458
11195
10986
11281
11089
10896
11070
11318
11119
11216
11002
10974
11312
11083
10876
11126
11296
10905
11387
11097
10886
11183
11169
10987
11137
11242
10990
11249
11182
10892
11195
11047
10997
11246
11318
10946
11196
11126
10820
11204
11111
11167
11032
11535
10714
11103
11284
10965
11238
11130
10947
11244
11189
10966
11076
11279
10908
11049
11354
10938
11224
11085
11076
11234
10986
11026
11275
11142
10908
11222
11293
10881
11225
10922
11182
11173
10974
11202
11075
11236
10852
11419
10907
11344
11102
11002
11015
11179
11020
11143
11271
11127
10935
11294
11101
10680
18950
3810
10843
11248
10882
11228
11186
11098
10965
11272
11004
11215
11242
10885
11068
11326
11101
10937
11126
11212
11077
11229
11043
11006
11180
11231
10936
11104
11260
10974
11277
10865
11140
11190
11037
11109
11275
10940
10857
11338
11058
11061
11019
11402
10927
11151
11229
11185
11115
10924
11158
11283
10987
11055
11252
11165
10892
11093
11143
11046
11397
11011
10936
11279
10966
11081
11394
11132
10925
11028
11308
10944
11205
11284
10928
11250
11063
10983
11204
11163
10895
11212
11237
11005
11252
10871
11078
11327
10983
10892
11240
11233
11047
11205
10975
11132
11218
11154
10879
11261
11262
10927
11188
11033
11127
11037
11501
10950
11324
10769
10816
11377
11095
10894
11504
11023
10915
11146
11247
11222
11002
10946
11229
11248
11082
10903
11260
11143
10865
11417
10864
11278
11237
11062
10764
11344
10995
11372
11181
11017
10893
11318
11127
10887
11339
11064
10971
11363
11099
10927
11170
11116
10955
11129
11067
11152
11101
11085
10927
11287
11038
11062
11341
11127
10887
11445
11100
10892
11216
11083
10883
11377
11105
11001
10961
11414
10983
11265
11004
11011
11242
11133
10754
11598
10899
11128
11258
11106
10929
11212
10913
11098
11255
11007
11160
11266
11099
10756
11503
10953
10937
11431
19199
2650
11406
11204
10937
11260
11187
10868
11387
10864
11199
11040
11194
10908
11264
11168
10838
11317
10969
11258
11244
11069
10959
11235
11105
10880
11390
10920
11174
11211
11067
10822
11282
11082
10939
11274
11290
11013
11026
11274
11021
11179
11126
10945
28584
2080
3610
10374
11071
10952
11435
11004
10771
11329
11151
11126
11008
11062
11014
11298
11096
10941
11416
11171
10697
11446
11167
10973
28645
2065
3785
10020
10961
11069
11500
11008
10891
11130
11134
10768
11452
11097
10983
11203
11203
10835
11301
10882
11028
11208
32906
1825
4539
5354
10972
11318
10985
10822
11484
11130
10953
11325
10831
10959
11408
11147
10887
11258
11422
10776
11221
11114
11079
11253
10987
11056
11444
10844
11229
11255
11015
11013
11206
11135
10835
11323
10903
11188
11155
11209
10959
11216
11101
10748
11332
11135
10964
11445
11057
11034
11206
11167
10966
11133
11222
11040
11219
11090
10937
11224
11104
10896
11079
11167
11225
11206
10888
11198
28498
2047
3905
9895
11126
11281
11124
10971
11127
11365
11039
11009
11245
11111
11054
11210
11071
10867
11284
11147
10981
11101
11070
11195
11268
11029
10744
11429
11176
10870
11253
11116
10976
11331
11105
10910
11343
11069
10905
11173
11079
11135
11360
10989
18721
3376
11186
10933
11262
11042
11213
11282
10849
11151
11213
11090
10918
11263
11007
11403
11036
11010
11008
11269
11075
10955
11199
11025
11191
11306
11064
10947
11273
11047
10982
11223
11062
11164
11227
11049
10922
11299
11113
10912
11212
10901
11236
11272
11103
10930
10975
11408
10815
11405
10964
11153
11270
11104
10949
11141
11209
10954
11207
10949
11179
11295
11101
10931
11227
11131
10925
11281
11054
11050
11316
11120
10978
11228
11109
10899
11222
11014
11069
26490
1820
5067
11147
11161
11013
11144
11099
11168
11420
10949
10943
11214
11202
10945
11136
11020
11198
10999
11295
10974
11217
11213
10849
11254
11042
11023
11409
11041
10905
11309
11122
10921
11218
11038
11034
11338
10907
11160
11196
11131
11014
11178
10952
11297
11219
11038
10681
11487
11216
10840
11087
11059
11288
11318
11053
10966
11221
11301
10674
11116
11257
10993
11383
11063
10919
11134
11122
11061
11182
11009
11145
11248
11159
10807
11267
11132
11013
11076
11190
11157
11323
11069
10889
11039
11178
10986
11195
11436
10892
11250
11145
10925
11183
11150
10930
11262
11197
10822
11412
11066
10825
11339
11215
10879
11386
11004
10762
11477
10894
10972
11394
11166
10948
11096
11028
11098
11214
11259
10990
11246
11042
10797
18882
3413
11210
11262
11049
10970
11397
11135
10939
11000
11261
11107
11309
11071
10844
11336
11213
10846
11187
11114
10946
11459
10891
11010
11248
11051
11058
11160
11029
11806
10638
11154
10907
11219
10971
10892
11380
11080
11008
11333
11133
10959
11225
11082
10947
11200
11036
11141
11270
11042
11343
10949
11112
10735
11495
11068
10901
11286
11202
10924
11235
11176
10909
11231
11112
11060
11216
11118
11018
11171
11164
10978
11038
11116
11215
11225
11050
10801
11428
11131
10883
11123
11227
10760
11611
10878
11200
11214
11128
10963
10981
11217
11158
11355
11027
10874
11291
11162
10870
11260
11117
11014
11252
11063
10801
11414
11115
10898
11097
11259
10957
11506
10988
10771
11586
10943
10993
11159
11074
11143
11318
11332
10614
11289
11078
10931
11229
11105
11145
11296
11033
10859
11279
11187
10913
11069
11220
11019
11122
11153
11014
11154
11255
10953
11176
11062
11002
11404
10985
11093
11185
11194
10910
11022
11214
10972
11396
10975
11097
11231
11208
10668
11289
11247
10977
11287
11233
10878
11204
11166
10876
11265
11082
10986
11153
11289
10804
11395
11119
10915
11088
11300
10937
11394
11031
10999
11234
11131
10938
11253
11082
10926
11344
11139
10995
11847
10461
10919
11088
11411
10782
11428
19176
2821
11166
11067
10907
11211
11097
11107
11315
11141
10906
11265
11092
10950
11216
11132
10885
11346
11148
10811
11515
11220
10753
11285
10899
11090
11321
11081
11023
11221
11145
10939
11307
11010
10974
11255
11225
10850
11323
11144
10980
11220
11064
10808
11648
11079
10872
11055
11023
11009
11239
11280
10882
11296
11218
10995
11147
11088
11002
11190
10936
11143
11490
11025
10890
11199
11136
10951
11555
11066
10747
11308
11025
10859
11369
11147
10979
11201
11095
10947
11250
11255
10904
11292
11097
10941
11264
11081
10800
11370
11178
11006
11315
11166
10868
11196
10901
11111
11291
11249
10956
11232
11087
10890
11211
11134
10762
11566
11002
10927
11330
11141
10929
11145
11197
10954
11411
11055
10870
11339
10923
10938
11394
11083
11001
11228
11298
10881
11281
11026
11032
11195
11077
10957
11272
11080
10981
11269
11124
10949
11473
11124
10725
11090
11125
10981
11488
11137
10819
11202
11204
10811
11269
11305
10856
11416
11048
10930
11360
11041
10974
11245
11083
10821
11607
11201
10752
11171
11135
10768
11465
11147
10801
11432
11103
10936
11258
11086
10633
11493
11346
10757
11351
11120
10726
11418
11108
11018
11067
11314
11076
11053
11203
10987
11156
11147
10769
11394
11213
10992
11269
11070
18700
3298
11146
10952
11442
10867
11282
11189
11109
11011
11155
11032
11051
11220
11037
11150
13511
9090
10653
11218
11135
11038
11178
11258
10936
11259
11104
10941
11258
11128
10941
11123
11119
11147
11286
10995
10970
11298
11097
10858
11240
11106
11082
11238
11131
10942
11100
11272
10908
11242
11060
10933
11449
18855
3152
11171
11190
11059
11157
11114
10976
11361
11088
10956
11244
11116
10926
11214
11011
10989
11535
11002
10967
11252
11086
10893
11164
11056
11107
11305
11110
10993
11311
10983
10881
11316
11098
11123
11045
11260
10989
11232
11104
10949
11191
11105
10961
11312
11201
10941
11193
11136
10941
11070
11191
11042
11242
11281
10873
11209
10996
10962
11205
11166
11253
11159
11029
11017
11228
10965
11216
11032
11038
10980
11363
11234
10778
11354
10964
11232
11176
11033
11051
11365
11153
10823
11351
10880
10900
11363
10861
11321
11287
11052
10971
11349
11004
10903
11126
11109
11099
18866
3289
11210
11280
10907
11200
10931
11205
11011
11450
11050
10940
11305
10963
11068
11219
11065
10942
11456
11080
10914
11265
18277
3757
11284
11022
10980
11426
11187
10859
11179
11156
10918
11266
11025
10953
11422
11143
10919
11250
11145
10835
11265
11146
10859
18551
3860
11100
11260
11087
10896
18842
3418
11026
11400
11123
10985
11207
10878
11135
11226
11091
11105
11274
10951
11029
11274
11160
10895
11234
11040
11083
11307
11103
10945
11261
11157
10947
11183
11079
11095
11095
11307
10893
11318
11100
10942
11169
11098
10942
11452
11064
10972
11111
11120
11003
11221
11002
10988
11489
11059
10958
11273
11128
10852
11263
11065
11017
11271
11219
10891
11262
11110
10947
11202
11089
11059
11191
11194
10940
11234
11094
10977
11238
11067
11005
11246
11194
10966
11085
11139
11093
11226
11044
10946
11433
11109
10888
11247
10850
11218
11269
11050
10976
11302
11170
10985
11246
11185
10889
11224
11056
10825
11493
11023
10925
11332
11141
10965
11226
11091
10899
11395
11114
10925
11263
11091
10953
11258
11037
10906
11375
11054
11018
11326
11023
10961
11224
11100
10944
11436
11074
10994
11254
11044
11023
11190
11055
10930
11462
11046
10995
11170
11157
10844
11372
11090
10871
11179
11211
10832
11498
11089
10933
11235
11047
10981
11361
11105
10962
11259
11091
10979
11196
11064
10925
11436
11031
11002
11295
11059
11032
11186
11030
11001
11118
11414
10853
11258
11123
11016
11181
11041
10946
11472
11130
10877
11216
10991
11055
11515
10842
10991
11361
11178
10818
11206
11139
10911
11333
10849
11094
11465
19177
2563
11419
11264
10893
11227
11072
11018
11232
11257
10876
11253
11128
10925
11274
11046
10937
11384
11190
10692
11432
11101
10925
11221
11061
10957
11470
11001
10989
11265
11165
10866
11230
11145
10895
11328
11107
10954
11299
11040
10996
11295
11047
10901
11522
11115
10868
11283
11101
10867
11275
10893
11110
11394
11119
10883
11301
11129
10887
11289
11053
10988
11393
11050
10807
11385
11073
10910
11302
11148
10926
11168
11360
10910
11216
11129
10906
11211
11129
10964
11273
11261
10909
11137
11228
10894
11328
11017
10956
11212
11261
10865
11407
11076
10917
11201
11089
10786
11300
11007
10982
11493
11082
11009
11278
11058
10977
11064
11343
10874
11406
11002
10965
11293
11051
10935
11268
11312
10888
11298
11122
10891
11270
11029
10993
11294
11078
10875
11405
11054
10923
11301
11040
11013
11239
11105
10989
11244
11135
10707
11459
11120
10820
11237
11473
10806
11256
11162
10892
11238
11293
10785
11126
11153
10850
11587
11032
10919
11320
11173
10789
11159
11408
10902
11292
11074
10858
11290
11108
10809
11360
11189
10940
11482
10937
10924
11292
15081
6916
11164
11307
10850
11321
11122
10904
11287
11057
10961
11331
11104
10933
11364
11059
10919
11130
11184
11019
11263
11144
10952
11349
11052
18679
3503
10940
11008
11113
11344
11081
11201
10848
11197
11304
10874
11155
11189
11208
10812
13184
9329
10891
11336
11006
11059
11193
10996
10981
11424
11063
11001
11232
11099
10859
11228
11084
11084
11285
11159
10869
11310
12070
9961
11242
11138
10938
11258
11070
11050
11259
11093
10909
11344
11161
10891
11302
11210
10747
11368
11077
10919
11348
10963
11038
11417
10807
11231
11186
11848
10214
11234
11275
10861
11359
11171
10840
11243
11056
10916
11215
11309
10852
11352
11098
10946
11205
11120
10931
11243
11198
10907
11375
11050
10933
11242
11090
11009
11187
11078
11063
11131
11333
10985
11120
11093
10996
11163
11107
11094
11371
11094
10858
11221
11092
10932
11264
11128
11001
11153
12004
10193
11225
11183
10859
11261
11795
10152
11487
11150
10912
11207
11006
11023
11238
10883
11080
11593
11082
10954
11207
11064
10934
12240
10084
11023
11200
11128
11017
11276
11999
10020
11259
10975
13395
9313
10844
10908
10949
11391
10955
11267
11094
10929
11230
12070
10048
11336
10896
11091
11175
11162
10830
12543
9925
11120
11256
11111
10896
11220
11090
10812
11559
10900
11175
11271
11066
10939
12410
9741
11117
11383
11328
10891
11114
10997
10955
11247
11067
11041
11258
11161
10955
11202
11083
10947
18897
3323
11002
11476
11861
10189
11279
11091
10904
11243
11113
11068
11311
11136
10895
11286
11053
10930
11242
11066
10926
11205
11121
11024
11306
11115
10965
11174
10985
11096
11287
11200
11008
11773
11386
10165
11259
11092
10920
11364
11200
10611
11482
11056
10973
11236
11102
10960
11407
11135
10879
11293
11031
10958
11243
11028
11105
12594
9840
10894
10995
11331
10990
11209
11155
10843
11484
11171
10759
11418
11009
10898
11281
11099
10886
11478
10902
11078
11534
10844
10923
11270
11074
10962
11376
11135
10919
11197
11168
10867
11273
11047
11022
11456
11020
10782
11405
10982
11040
11269
11032
10920
11206
11375
11022
11262
11011
10912
11295
11112
10842
11310
11320
10856
11173
11142
10993
11297
12156
9892
11310
11129
10741
11298
10941
11258
11208
10994
11010
11402
10915
10972
11367
11050
10799
11389
11027
11018
11217
11376
10901
12336
9892
11358
10921
11128
10918
11406
10951
10865
11604
10891
10974
11210
11147
10908
11278
10974
11083
11384
10763
11249
11201
11265
10810
11257
11123
11051
11325
11010
11071
11203
11323
10500
11350
11182
11127
11254
11019
10960
11214
11123
10915
11275
11052
11075
11311
11096
10824
11404
11005
10835
12509
9916
10927
11449
11138
11010
11251
11055
10901
11200
19283
2669
11317
11241
11008
11214
11130
10889
11196
11477
10879
11223
12599
9226
11414
11067
10969
11097
11131
11243
11219
11147
10874
11363
10871
10952
11335
11394
10862
11282
11294
10469
11384
11098
10920
11224
11122
11008
11104
11232
11015
11243
11100
10777
11419
11213
10954
11292
11064
10997
11143
11097
10835
11486
11150
10846
11374
11051
10947
11270
11017
10954
11292
11190
10829
11401
11090
10923
11205
11186
10743
11413
11170
10940
11278
11121
10937
11254
11130
11011
11197
11185
10814
11444
11118
10995
11108
11165
10890
11309
11101
11076
11353
11025
10971
11223
13348
8941
10944
11195
11093
11192
11081
10927
11256
10977
10964
11293
11108
11019
11236
11084
10806
11355
11041
10878
11390
11226
10943
11287
11091
10955
11228
11128
10901
11317
11081
10974
11356
11124
10863
11017
11348
10860
11183
11334
10951
11125
11151
10997
11290
11128
10905
11153
11392
10877
11243
11090
10801
11399
11139
10906
11293
11183
10932
11309
11017
11052
11133
11052
10962
11286
11315
10919
11223
11094
10913
11257
11042
10914
11362
11156
11044
11212
11147
10841
11168
11308
10875
11264
11135
11022
11223
11092
10828
11460
11029
10937
11245
11174
11026
11212
11114
10859
11367
11052
10914
11313
11134
11025
11113
11219
18671
3571
10959
11009
11221
11260
10988
11177
11103
10984
11197
11110
10906
11270
10972
11207
11209
11140
10926
11259
11071
10965
11286
10937
11206
11259
11105
11008
11134
11156
10952
11247
10995
11132
11217
11210
10931
11247
11052
10787
11380
11210
11011
11235
11101
11004
11183
11017
11032
11275
11062
10976
11346
11132
10939
11179
11208
10880
11211
10913
11132
11425
11143
10927
11182
11127
10962
11199
11155
11003
11134
11315
11028
11055
11173
10929
11195
11067
10952
11550
10903
10995
11310
11156
10926
11269
11032
11042
11277
11191
10915
11139
11105
10846
11433
11067
11150
11031
11287
10937
11188
11082
10907
11216
11069
11031
11230
11052
11015
11327
11093
10895
11122
11333
11021
11238
11170
10963
11119
11377
10947
11038
11044
11043
11250
10991
11107
11235
11125
10983
11105
10980
11078
11431
11173
10894
11234
11101
10906
11262
11143
11051
11240
11058
11097
11164
11048
10916
11224
11090
11043
11261
11024
11189
11156
11047
10983
11303
11033
11062
11221
11057
11009
11307
10963
11049
11226
11158
11041
11224
11049
10983
11333
11061
10940
11249
11066
11072
11279
11082
10951
11176
11147
11005
11138
11128
11193
11192
11134
10878
11218
11095
10942
11238
11183
10951
11267
11228
10940
11092
11201
10970
18677
3498
10965
11352
11112
11056
11029
11253
11006
11248
11089
10956
11261
11153
11062
11247
11022
10973
11168
11007
10928
11415
11052
11128
11243
10890
11167
11190
11158
10885
11213
11228
10963
11439
10990
10899
11240
11191
10951
11267
11200
10786
11345
11021
10803
11409
11080
10935
11209
11124
10956
11436
11065
10979
11252
11064
11065
11238
11219
10929
11221
11039
10978
11193
11149
10946
11241
11223
10881
11420
10797
11051
11282
11189
10978
11577
10829
10968
11297
11091
10924
11245
11070
10933
11341
11105
10983
11289
11127
10866
11188
11160
10957
11260
11233
10851
11303
11188
10869
11226
11167
10983
11144
11125
10906
11392
10997
11111
11184
11096
11017
11183
10928
11113
11177
11253
10900
11332
10918
11059
11279
11132
10934
11268
11277
10866
11227
11125
10953
11447
10856
10936
11259
11318
10700
11284
11224
11052
11111
11074
11124
11540
11745
10003
11206
11111
11013
11269
11163
10928
11259
11160
10924
35074
18786
2275
3924
6943
11010
11119
11017
15821
6689
10905
11012
11194
11660
10543
11267
11082
10956
11240
11177
10886
11366
11099
11042
11131
11089
10989
11362
11048
11198
11101
10928
11138
11164
11065
11015
11128
11188
10923
11307
11231
10987
11144
11050
10993
11269
10962
10897
11377
19060
2952
11405
11139
10990
11229
11081
10906
11259
11059
11187
11180
11092
10969
11148
11241
10863
11379
11155
10946
11222
10988
10953
11373
11073
10804
11314
11313
10909
11131
10986
10938
11311
11102
11037
11326
11269
10894
11180
11186
10931
