67053
5733
4754
26851
22499
10984
10850
11365
10840
11274
12539
9449
11335
11385
10643
11159
11125
10804
11489
11158
10995
31824
1970
3789
7048
11173
10886
11022
11105
11015
11539
11055
10949
11348
11003
11191
11207
10933
10862
11094
11260
10940
11375
11138
10983
11217
11068
10736
11437
11296
10821
11340
10971
10959
31402
1913
4526
6865
11159
11248
11265
10913
10624
11245
11342
10935
11033
11389
10893
11327
11099
10689
11911
10730
10730
11345
11303
10885
11861
10488
10993
31457
2023
4202
18169
10823
10981
11229
11214
10961
13432
8956
10978
11288
10987
11078
11325
14035
7943
11245
11539
10483
11464
11038
10846
11392
11062
10929
11309
10956
10958
11242
12797
9363
11333
11076
10867
11122
11307
10861
11505
10988
10958
11354
11099
10841
31463
3101
4719
4978
11474
11285
10865
11087
11048
10941
12206
10450
10824
11375
10816
11196
12019
10290
10956
11291
11086
11087
31248
27560
2222
4275
2650
13678
7151
11424
12105
9667
11293
11136
10971
11286
11144
10883
11457
11146
10742
11384
11026
10965
32329
27445
2149
4349
9714
4110
8838
12439
9962
10897
11237
10966
11066
11445
11026
10962
14034
8158
11216
10956
11062
31797
2317
4190
6337
11046
10978
11298
10966
11359
19944
1989
11479
11046
10732
11296
11137
11028
11475
11122
10863
11299
11094
10869
11347
31224
2304
4269
6664
11111
10921
11269
11760
10183
11426
11047
10878
11216
11037
10922
11276
11293
10947
11264
11082
10952
11411
11221
10822
11036
11334
11013
11144
11099
10878
11499
11088
10821
11440
31744
27441
2021
4770
11674
11144
11024
10927
11389
11029
10981
10758
11718
11071
10910
11076
11845
10567
10839
11301
31597
27372
2089
4470
12041
7981
3906
10349
11341
10958
11362
11100
10907
10981
11403
10999
11121
11062
11161
11659
10653
10840
31678
27328
2107
4124
2377
10161
10960
11213
11336
11023
11162
11257
10831
11252
11304
10789
11274
11138
10925
11476
10897
10911
31529
1966
4028
7235
11028
11045
11112
10940
10954
11337
11193
10989
11358
11056
11009
11188
11097
10924
11308
11398
10730
11203
11058
10994
30799
1898
4124
8168
11234
10821
11040
10700
11064
11291
11042
11143
11497
11084
10697
11462
11024
10975
11441
10849
10936
11443
30266
1998
3973
8087
11104
11001
11299
11179
10798
11270
11148
10823
11294
11178
11031
11253
11156
10960
11440
11077
10830
11216
29824
1971
4287
8102
10966
11329
11477
10815
11149
11117
10874
11453
10844
11064
11399
11107
10995
11211
11126
10922
11323
19057
2715
29751
1882
3794
9244
11221
10938
11255
11130
11072
11365
11021
10679
11254
11093
10959
36570
1766
4555
2499
10498
11023
11241
30006
1594
4363
8261
11002
11498
10839
11017
11329
11150
11037
11191
11086
10929
11260
38441
1869
4081
11241
11158
10861
11257
11044
11167
11274
11077
10939
11274
11126
10860
11276
11263
10920
11164
11119
10929
11391
38301
1982
4250
10865
11171
10919
11274
11124
10959
11274
11010
11091
11213
11343
10821
11233
11078
10938
11230
11037
11199
11326
11066
10855
11032
11339
10739
11215
11295
10812
11274
11431
10841
11272
11141
10875
11329
10863
11005
11569
11015
10923
11377
11326
10679
11247
11053
10883
11193
11223
10793
11308
11143
11037
11265
10973
11089
11446
11048
10984
11226
11063
10944
11224
11023
10964
11400
11061
11258
11063
11102
10860
11288
11016
10885
11483
11180
10858
11334
11070
11021
11107
11032
11000
11381
11074
10869
11409
11074
10805
11395
10887
11595
10894
11173
10968
10996
11212
11070
11308
11011
11017
11321
11173
10834
11179
11236
10917
11235
11090
10851
11296
11326
10877
11294
10962
11121
11234
10875
10984
11267
11186
10887
11442
10848
11043
11260
11155
10996
11428
11085
10884
11331
10902
11136
11270
10916
11153
11241
11296
10609
18845
3619
10912
11326
11010
11008
11302
11165
10933
11318
10930
11133
11239
10971
11038
11509
11116
10909
11205
11066
10971
11251
10844
11183
11146
11343
10872
11284
11077
10984
11176
10979
11067
11389
11168
10858
11283
11134
10923
11215
10995
10906
11575
10996
10989
11353
11042
11024
11213
11006
10951
11136
11037
11260
11266
10996
11095
11148
11117
10891
11521
11031
10940
11302
10857
11083
11542
10861
10941
11426
11268
10978
11343
10559
11091
11063
11103
10999
11410
11107
10973
11324
10905
10965
11226
11075
10950
11434
11226
10921
11294
11087
10960
11222
10999
11109
11204
11131
11105
11007
11195
11063
11301
10861
11061
11379
11232
10861
11336
10875
11046
11078
11337
10885
11236
11312
10794
11390
11273
11008
11222
10807
10934
11128
11130
11022
11461
11055
10949
11271
11078
10846
11400
11284
10860
11266
11046
11019
11226
11382
10509
11622
11400
10844
11007
10933
10834
11278
11082
10975
11194
11414
10836
11302
11117
10858
11250
11262
10697
11409
11298
10879
11289
11032
11014
11233
11202
10725
11484
11025
10977
11102
11669
10671
11114
11099
10924
11275
11084
10887
11516
10954
10865
11404
11157
10927
11175
11323
10900
11283
11051
10651
11571
11062
10761
11381
11295
10901
11262
11055
11043
11193
19167
2745
11308
11205
11009
11262
11102
10947
11203
11139
10959
11075
11370
10914
11258
11181
10728
11243
11084
11005
11275
11415
10859
11254
11115
10938
11206
11111
10852
11407
11188
10966
11230
11050
10995
11087
11295
10906
11088
11210
10953
11340
10913
11167
10996
11333
10985
11154
11060
11030
11428
11064
10940
11249
11123
10934
11132
11122
11020
11372
10975
11386
11184
10679
11139
11086
11112
11070
11411
35620
2110
4247
2518
10717
11019
11476
11139
10857
11106
11121
11304
11012
11201
10990
11201
11193
11175
11312
10599
11179
10909
11428
10938
11090
11313
11227
10746
11411
11068
11013
11203
11101
10980
11286
11196
10948
11184
11112
11111
11400
11060
10519
11563
11034
10980
11209
11060
11022
11223
11084
10994
11275
11132
10854
11313
11081
10956
11309
11069
11042
11278
11203
10907
11333
10939
10886
11317
11105
10915
11103
11409
11002
11133
10962
11102
11223
11084
11068
11449
11073
10895
11212
11164
10876
11279
11104
10933
11476
10856
11119
11195
10934
10974
11410
11077
10886
11227
11118
11118
11351
10994
11001
11170
11097
10944
11431
11081
10924
11206
11107
10943
11279
11157
11193
10837
11087
11102
11320
11080
11018
11264
11000
10979
11396
10891
11037
11307
11066
10922
11335
11170
10825
19106
3193
11012
11442
10895
11177
11193
11018
10825
11364
11215
10894
11343
11090
11060
11222
11055
10822
11396
11163
10964
11241
11126
10975
11244
11108
10891
11411
11144
10889
11222
11096
10774
11434
11124
10853
11277
11233
10951
11295
11084
10943
11270
11175
10700
11362
11321
10974
11297
10984
10885
11341
11032
10939
11314
10989
11114
11181
11092
10999
11324
10894
11054
11442
11078
10712
11505
11030
10996
11191
11093
10983
11232
11192
11051
11166
11135
10990
11237
11078
10940
11136
11098
11262
11495
10785
11030
11149
11054
10850
11376
11128
10765
11484
11089
11014
11202
11053
11000
11293
11286
10733
11130
11054
11028
13675
8901
10752
11317
11243
11076
11189
11105
10953
11301
11071
10851
11297
11146
11100
11173
11070
10784
11477
11115
10803
11301
11285
10752
11381
11078
11027
11274
11136
10835
11282
11269
10931
11222
11138
10931
11331
11174
10776
11254
11068
11169
11183
11154
10934
11153
11047
10780
11247
11397
10748
11477
10989
11014
11281
11053
10999
11318
11159
10856
11355
11049
10998
11257
11057
10941
11320
11025
10914
11192
11250
10814
11492
11212
10786
11154
11119
10876
11504
11065
11020
11225
11156
10922
11120
11463
10804
11296
11054
10973
11252
11096
10969
11152
11060
10969
11201
19621
2488
11362
11187
10879
11398
11003
10898
11332
11047
10961
11268
11174
10907
11192
11368
10867
11301
11066
10951
11272
10847
11027
11335
11384
10614
11480
11122
10901
11008
11325
10902
11369
11006
10893
11403
11112
10778
11443
11120
10848
11297
11319
11005
10891
11314
10750
11557
11053
10820
11368
11112
11012
11345
10926
11040
11209
11124
10921
11122
11402
10956
11238
11056
10713
11487
11146
10855
11135
11066
11059
11411
11056
10801
11533
10900
11039
11279
11089
10866
11442
11105
10827
11392
11179
10896
11007
11325
11057
11229
11095
11001
11240
11097
10866
11124
11125
11018
11348
11147
10968
11345
11064
11101
10902
11136
11001
11127
11306
10982
11171
11206
10884
11206
11191
10976
11366
11045
10791
11506
10970
11016
11214
11012
10960
11316
11079
11043
11344
11051
10738
11405
11121
10882
11385
11120
10781
11482
11065
10945
11139
11275
10907
11305
11234
10676
11576
11066
10958
11138
11028
10978
11374
11086
10967
11279
11122
10951
11213
11084
11026
11507
11022
10647
11503
11078
10826
11194
11210
10913
11396
11028
10833
11452
10890
10950
11344
11410
10688
11207
11221
11085
11196
10917
11151
11288
10846
11068
11341
11156
10770
11220
11285
10769
11376
11067
11106
11279
11132
10766
11451
11105
18881
3142
11195
10966
11494
10972
10959
11251
11152
10887
11283
11026
10842
11555
11019
11109
11195
11043
10947
11257
11220
10842
11342
11150
10888
11289
11112
10872
11253
10914
11110
11449
11045
10997
11239
11150
10662
11240
11362
10911
11353
28521
1698
4810
9298
10856
11397
11108
10734
11547
11028
11059
11291
11061
10919
11304
10935
11079
11287
10918
10915
11265
13658
8928
10900
28524
1910
4252
9641
10987
11396
11130
10953
11270
10743
11033
11298
11122
11044
11265
11212
10895
11216
11096
10817
11238
11286
10742
30786
1771
3692
8448
11271
10951
11169
11083
11095
11244
11093
10848
11304
11173
11033
11262
11065
10944
11587
10732
10982
11386
10942
11128
11274
11132
11002
11220
10865
11198
11192
11024
10952
11446
11061
10969
11280
11148
10885
11308
11041
11002
11130
11046
10944
11489
11151
10884
11174
11191
11083
10963
11320
11064
11229
11066
10993
11277
11091
10779
11286
11241
11007
11269
11085
10993
11149
28189
1824
4575
9740
11033
11323
11136
10964
11242
11125
10809
11356
11112
10962
11372
10983
10992
11274
11038
10910
11403
11058
11136
11144
11083
11005
11330
11002
10843
11242
11269
11060
11002
11291
10920
11183
11175
10832
11323
10997
11216
11299
11091
10923
11438
10865
10975
18875
3416
11019
11258
10965
11198
11278
11026
10847
11291
11055
11135
11292
11125
10951
11296
11075
10921
11269
11088
10972
11308
11093
10959
11278
10960
10891
11443
11026
11060
11201
11128
10938
11218
11041
11096
11392
11017
10944
11247
11054
10975
11238
11182
10860
11375
11503
10567
11319
10828
11021
11374
11125
10911
11256
11162
11104
11248
11051
10868
11366
11105
10784
11225
11292
10899
11356
11073
10949
11309
11105
10948
11011
11096
11027
11441
26477
1838
5254
10764
11058
11169
11086
11101
11290
11081
10973
11289
11088
10906
11281
11140
10915
11484
10967
11022
11200
11073
10775
11420
11039
10905
11314
11176
10988
11239
11102
10921
11216
11073
11152
11174
11179
10911
11256
11114
10921
11167
11172
11057
11275
10914
11006
11219
11337
10827
11158
11270
11031
11319
10999
10981
11258
11155
10872
11149
11141
11058
11258
11093
11020
11238
10965
11127
11078
11086
11150
11261
11097
11004
11213
11161
10954
11338
11103
10986
11152
11128
10956
11285
11116
10912
11020
11313
11036
11321
11242
10765
11173
11118
10769
11304
11303
10926
11320
11055
10952
11293
11112
10974
11332
10922
10976
11384
11040
10973
11258
11128
10877
11173
11284
10885
11313
11140
10750
11379
11224
10878
11170
11099
11100
11282
18368
3754
11168
11169
10938
11013
11408
10854
11299
11095
11040
11184
11133
11004
11091
11009
11099
11229
11140
11030
13477
9183
10725
11116
11175
10832
11371
11170
10887
11269
11088
10988
11060
11286
11023
11252
11161
10962
11006
11301
10816
11254
11101
11083
11410
10989
10908
11360
11019
11002
11216
11051
11003
11423
11082
10894
11281
11075
10887
11230
11158
10843
11547
11108
11001
11016
11231
10795
11396
11172
10953
11298
11057
10947
11349
11013
10992
11034
11209
11052
11365
11064
10901
11329
10956
11120
11246
11035
10880
11419
11109
10933
11306
11207
10779
11176
11118
11078
11293
11135
10906
11271
11106
10948
11215
11157
10933
11344
11150
10858
11281
11180
10690
11256
11147
11177
11300
11121
10941
11201
11075
11003
11238
11160
10928
11254
11169
10966
11189
10980
10891
11408
10838
11192
11455
10915
10904
11449
11111
10901
11265
11210
10878
11381
11108
10936
11176
11088
10935
11318
11076
10969
11273
10909
11192
11228
11084
10993
11243
10916
11012
11244
11322
10753
11403
11237
10919
11151
11054
11102
11316
11059
10841
11350
11109
10978
11044
11190
11010
11156
11134
11103
11291
11083
10934
11123
11159
11183
11100
11041
11117
11214
11136
10973
11249
10909
11191
11075
11348
10877
11258
11100
19009
3065
11019
11152
11327
11228
10685
11266
11275
10838
11394
10944
11109
11293
11158
10903
11264
11043
10924
11289
11060
10980
11178
11263
10879
11122
11300
11013
11026
11060
11055
11329
11190
11035
11125
11286
11004
11095
11041
10898
11425
10904
11066
11378
11090
10910
11222
11166
10845
11381
11224
10883
11016
11264
11046
11238
11056
11099
11209
11183
10915
11264
11053
10985
11271
11011
10949
11367
11041
11007
11287
11416
10613
11231
11155
10795
11507
11094
10757
11244
11251
10975
11204
11129
10808
11271
11215
10923
11388
11165
10923
11225
11083
10907
11286
11029
11153
11237
11109
10967
11186
11088
10947
11368
11107
10949
11276
11069
11006
11252
11101
10781
11435
11173
10825
11385
11113
10924
11175
11145
10911
11325
11314
10909
11259
11139
10853
11011
11084
11022
11398
11222
10912
11312
10943
11101
11242
10941
10908
11422
11118
11015
11268
11060
11024
11155
11160
10781
11424
11194
10748
11198
11353
10962
11209
11102
10887
11391
11224
10763
11356
11113
10946
11209
11049
10880
11355
11224
10872
11356
11163
10890
11157
11093
10991
11212
11054
11038
11354
11045
10993
11241
11084
10817
11377
11147
10982
11344
11108
10916
11497
10843
10823
11284
11216
10892
11427
11154
10816
10980
11192
10988
19228
3271
10896
11551
11053
10994
11176
11045
10796
11499
11019
10994
11350
11099
10963
11248
11042
10964
11364
11078
10761
11258
11059
11175
11260
11096
10771
11441
11153
10924
11316
11069
10963
11261
11088
10807
11448
11205
10789
11354
11078
10972
11159
11228
10934
11087
11270
10964
11356
11121
10889
19053
3202
11091
11172
11186
10886
11385
11092
10977
11222
10918
10916
11252
11213
11042
11363
11048
10762
11228
11113
11164
11084
11288
10962
11340
11090
10927
11251
11081
10968
11255
11132
10929
11397
11085
10879
11247
11149
10943
11362
10930
11252
11143
11020
10991
11216
11102
10950
11194
11188
10856
11423
11107
10981
11207
11113
10749
11284
11322
10891
11360
11223
10896
11245
10957
10930
11159
11183
11019
11346
11082
11046
11143
11108
10982
11050
11288
10993
11371
10925
11066
11283
11134
10948
11122
11191
10930
11258
11243
10765
11168
11168
11121
11085
11234
10995
11376
18455
3525
11123
11124
11011
11223
11228
10890
11370
11038
10956
11256
11141
10913
11145
11044
11042
11477
11061
10971
11210
10982
11022
18441
3847
10959
11383
11197
10895
11309
11034
10936
11135
11327
10816
11348
11186
11151
11012
11093
10789
11233
11128
11039
11356
18255
3917
11217
11119
10947
11091
11076
11033
11425
18500
3551
11161
11149
10982
11073
11324
10743
11462
11183
10910
11219
11063
11023
11236
11213
10952
11315
11150
10884
11013
11356
10847
11255
11116
11036
11297
11075
11003
11193
11128
11036
11118
11051
10957
11381
11110
11004
11206
11110
10934
11238
11020
11040
11453
11114
10862
11297
11035
11029
11089
11063
11040
11355
11167
10927
11289
11025
10952
11112
11116
11038
11432
11025
11023
11219
11179
10911
11248
11213
10872
11278
11212
10848
11234
11224
10914
11164
11097
11054
11236
11132
10984
11177
11110
10940
11263
11039
10936
11485
11052
11001
11218
11081
10863
11258
11263
10755
11225
11266
11079
11255
11069
10942
11233
10995
10888
11533
11068
10888
11114
11313
10978
11184
10955
11024
11335
11259
10874
11250
11109
10909
11307
11198
10915
11233
11256
10912
11215
11037
10797
11338
10933
11026
11427
10953
11249
11199
11147
10968
11167
11099
11028
11287
10888
11196
11212
11101
10997
11210
11081
11308
11226
11005
10776
11285
11284
10604
11209
11305
10821
11301
11349
10906
11233
11126
10998
11097
11122
10961
11255
11298
10909
11266
10904
11166
11249
11010
10785
11424
11308
10844
11331
11027
10940
11240
11129
10897
11279
11370
10853
11255
11043
10912
11311
10945
11054
11249
11383
10878
11496
10756
18914
3188
11131
10968
11143
11272
10995
11312
11131
10915
11196
10953
11099
11478
11097
10835
11278
11015
11021
11235
11072
11350
11033
11235
10461
11362
11106
11039
11363
11060
10886
11343
11180
10988
11147
11042
11120
11229
11081
10926
11346
11227
10870
11375
11242
10712
11244
11018
10987
11208
11203
11013
11265
11108
10728
11354
11245
10865
11305
11266
10855
11252
11160
10953
11239
11036
10911
11239
11186
11046
11221
11137
10924
11276
11075
10750
11320
11329
10964
11248
11132
10860
11272
11110
10880
11316
11261
10881
11280
10763
11244
11317
11053
11069
11574
10638
11056
11264
10903
11154
11238
11089
10948
11462
11049
10955
11243
11076
10946
11328
11007
10680
11369
11405
10917
11253
11380
10797
11184
10999
10844
11384
11185
10866
11274
11090
11049
11249
11154
10894
11322
11010
11040
11269
11037
10772
11483
11058
10839
11469
11233
10936
11262
11204
10668
11102
11048
10972
11640
11054
10881
11393
11017
10960
11324
10989
10912
11457
11046
10896
11399
11048
10954
11227
11071
10849
11539
11339
10680
11266
11629
10424
11237
11076
10897
15336
7009
11125
11197
11130
11019
11062
11161
10957
11343
11111
10997
11224
11142
11083
11394
10958
10637
11320
11171
11093
11239
11144
10875
11311
10904
10953
19055
3346
10866
11532
11134
10935
11221
11325
10671
11269
11098
11147
11164
13089
8798
11183
11129
11143
11344
11073
10885
11314
11128
10950
11153
11006
11083
11375
11192
10957
11180
11125
10971
11217
11064
11020
12382
10072
10741
11403
11066
10940
11268
11088
10883
11393
11303
10811
11241
11150
10903
11218
11064
10842
11498
11107
10851
11312
11201
11124
11219
10897
10925
12030
10334
11020
11127
11307
10888
11437
10876
10935
11229
11332
10935
11219
11151
10894
11264
11066
10865
11189
11330
11034
11322
11235
10730
11251
10959
10927
11248
11296
11052
11158
11218
10920
11226
11054
10951
11299
11096
10957
11259
10919
11153
11204
11171
11191
11555
10746
10665
11410
11131
10931
12241
10107
10898
11285
11177
10929
12135
10396
10898
11224
11284
10690
11153
11304
10835
11382
11238
10808
11370
11051
10908
11173
12263
9868
11268
11214
10909
11236
11118
10932
12142
10377
10841
11319
11100
10892
11272
11135
10893
11242
11390
10881
11262
11038
10916
12007
10206
11048
11107
11303
11032
11231
12103
10047
11163
11134
10866
11173
11075
11023
11393
11176
10829
11293
11081
11250
11306
11873
9944
11006
11357
10776
11619
11271
10585
11109
11234
10964
11353
11148
10748
11328
11098
10971
11207
11302
10784
11269
19499
2499
12003
10458
10960
11251
11171
10986
11272
11180
10984
10971
11242
10955
11073
11380
10851
11272
11280
10854
11286
11063
10924
11260
11198
10949
11273
11151
10913
11249
11583
10430
12106
10022
11363
11157
11099
10933
11290
11054
10984
11150
11173
11072
11247
11130
10986
11059
11266
11054
11175
11237
10732
11338
12587
9488
11308
11079
10923
11203
11218
10852
11388
11104
10803
11118
11303
10985
11269
10959
11116
11230
11193
11065
11216
11295
10675
11231
10998
11221
11219
11062
10992
11292
10894
11069
11263
11033
11045
11386
11239
10688
11370
11071
10792
11393
10963
11232
11344
11161
10836
11204
10883
10998
11660
10683
11248
11219
11228
10794
11428
10981
10894
11357
11034
11167
12150
10026
10963
11263
11140
11045
11394
10850
10941
11182
11096
11099
11355
11044
10906
11249
11109
11107
11258
11064
10813
11247
12241
9861
11332
11242
10726
11376
11037
11374
11189
11150
10502
11097
11189
11134
11291
11235
10892
11234
11022
10954
11220
11120
10985
11323
11117
11021
11249
11105
10902
11230
11111
11273
11084
11013
10963
11293
11088
10976
11273
11008
11106
11112
11274
10888
11282
10897
11156
11271
11065
10772
11392
12586
9577
11338
11044
10994
11338
10914
10919
11225
11131
11039
11334
11067
18916
3160
11273
10839
11280
11140
11046
11274
10956
10976
12940
9531
10902
11276
11323
10959
11229
11060
10903
11273
10896
11200
11205
11094
11029
11270
11136
10846
11575
10770
10950
11308
11019
11011
11334
11045
10996
11277
11044
10793
11604
11282
10706
11198
11116
10951
11181
11009
11184
11240
11046
10975
11330
11018
10984
11194
11102
10960
11341
11156
10880
11316
11082
10785
11316
11246
10820
11221
11044
11093
11369
11057
10990
11299
11097
10862
11829
10850
10840
11343
11069
10855
11300
11093
10905
11378
11121
10921
11631
11044
10687
11085
11068
10960
11538
11111
11015
11212
11025
10981
11256
10864
11147
11309
11099
10963
11300
11015
10998
11230
11058
10955
11111
11551
10832
11248
10834
10877
11355
11243
10947
11250
11188
10997
11266
11047
10939
11270
11079
10938
11163
11035
11103
11383
11055
11050
11404
11126
10562
11297
10996
11120
11306
11162
10916
11246
11117
10997
11300
11175
10860
11332
11075
10957
11209
11089
10966
11330
11110
11062
11530
10967
10671
11174
11142
10881
11229
11206
11117
11319
11004
10974
11233
11041
10978
11365
11165
10972
11190
11041
11043
11186
11031
10885
11270
11185
10890
11243
11318
10971
11224
11106
10950
11107
11232
11006
11293
11083
11020
11196
11077
10798
19092
3314
11066
11375
11064
10969
11246
11146
10903
11050
11266
10902
11311
11025
11130
11250
11106
10856
11168
11253
10996
11369
11084
10947
11258
11030
11077
11009
11226
11061
11024
11367
10934
11195
10962
10954
11251
11201
11062
11190
11163
11032
11193
11097
10948
11129
11197
11071
11079
11251
10970
11195
11054
10967
11452
11133
10918
11269
11062
10890
11293
11099
11076
10997
11322
10979
11271
10915
11225
11168
11102
10770
11244
11268
10959
11390
11023
10988
11235
11169
10987
11033
11238
10850
11562
10995
10789
11382
11179
10803
11247
11296
10953
11236
11060
11064
11181
11156
10942
11240
10921
11083
11216
11194
11035
10969
11095
10881
11393
11226
10973
11358
11027
10992
11257
11048
10958
11268
11103
11063
11252
10885
11243
11163
11044
10999
11232
11233
10918
11116
11323
10833
11170
11167
10995
11090
11280
10940
11358
11113
10915
11237
11064
11003
11061
11236
10990
11149
11309
11015
11239
11086
10988
11012
11178
11058
11220
11201
10938
11274
11091
10967
11047
11426
10818
11236
11249
10898
11288
11020
10988
11132
11107
11111
11281
11231
10883
11065
11106
10973
11392
11202
10863
11365
11010
10965
11291
11084
10975
11089
11249
11006
11295
11082
11042
11182
11044
10987
11413
11162
10648
11295
19614
2394
11386
11101
10993
11214
11014
11159
11203
11094
11015
11056
11325
10921
11188
11021
11051
11266
11186
10966
11274
11089
10992
11077
11068
11005
11388
11111
11009
11239
11037
10997
11223
11022
11131
11335
10958
11003
11294
11078
10984
11171
11010
11066
11353
11091
10914
11088
11107
11167
11485
10678
11004
11290
11318
10929
11264
11130
10925
11219
11028
11046
11288
11119
11049
11162
11143
10952
11208
11039
10978
11214
11063
10971
11518
11049
11029
10965
11251
11026
11374
11073
10925
11257
11088
10981
11112
11120
11061
11384
11014
11033
11475
11019
10774
11090
11120
11067
11289
11150
11044
11150
11086
10785
11215
11328
10932
11092
11314
11051
11204
10937
11082
11116
11134
11108
11170
11129
10949
11352
11104
10913
11171
11034
11016
11268
11023
11238
11276
11090
10923
11063
11283
10815
11336
11090
10987
11408
11426
11585
10287
11003
10907
11179
11427
11020
11153
11101
10958
11033
34440
5185
19381
2200
9282
7744
10961
10922
11401
11121
10851
11292
11053
10986
11294
11125
10888
11259
11206
10921
11239
11192
10915
11234
11128
10911
11089
11290
11031
11261
11189
10886
11494
10858
10921
11223
11015
11401
10875
11216
10979
11293
11105
10883
11271
10915
11124
11367
11129
10958
11234
11061
18672
3447
11030
11090
11339
11190
10987
11235
11050
10915
11324
10897
11112
11333
11078
10926
11305
11185
10913
11201
11039
11069
11337
11106
10849
11268
11147
10954
11259
10895
11062
11409
11085
11059
11138
10990
10941
11259
