66509
5948
3418
3659
22585
9166
3601
9166
11472
10865
11228
11156
10841
11311
12781
9306
11398
11259
10689
11294
11012
11055
11225
11057
11097
32069
1759
3869
6733
11180
11433
10646
11192
11137
11399
11004
10903
10818
11547
11453
10501
11377
10988
11066
11317
11095
10703
11523
11023
10831
11172
11381
10864
11203
11488
10672
11264
31365
1889
3579
7456
11477
10869
11228
11127
10833
11330
11351
10506
11294
11264
11071
11208
10916
11037
11687
10612
10935
11299
11242
11156
11808
10211
10888
31902
1952
3526
18656
10975
11233
10605
11389
13342
8833
11082
11431
10712
11386
11244
10894
11375
11231
10789
11443
10749
10990
11483
10944
10766
11527
11202
10817
11251
11245
10835
12982
9304
10981
11099
11375
10837
11207
11122
11027
11405
11021
10943
11356
30850
2929
4046
6184
11307
10940
11449
10885
11029
11376
11986
9957
11603
10785
10980
11413
12331
9637
11209
11195
10772
11411
31083
27129
1989
3346
2948
14997
7337
10991
12648
9904
10876
11251
11091
10954
11176
11113
10813
11283
11452
10879
11330
31937
1659
29385
1662
3850
8842
11304
11132
11085
12491
9908
10844
11288
11261
10849
11121
11283
10833
13963
8493
10887
11280
31766
1977
3661
7065
11212
10908
11090
18621
3507
12467
10197
10827
11264
11132
10911
11298
10995
11027
11451
11037
11070
11120
11129
10971
31351
1993
3791
7412
11294
10704
11167
11892
10120
11243
11238
10775
11478
11269
10929
11208
11029
11033
11150
11083
11010
11475
10942
10953
11119
11303
11064
11193
10842
11087
11345
11290
10730
11404
31446
1660
30083
2011
4021
8245
11402
11045
10946
11287
11020
10914
11156
11386
10760
11248
11301
10915
11873
10446
10929
11224
31867
27278
1864
3929
2244
10685
11156
10984
11394
11082
10861
11170
11193
10802
11450
11060
10776
11436
11742
10308
11347
31261
1671
29180
1881
3048
10539
11179
10914
11328
11085
10996
11116
11480
10502
11322
11293
10942
11220
11110
11065
11405
10777
10930
31338
1835
3717
7648
11368
11053
10953
11156
10986
11054
11437
11057
11017
11230
11037
11004
11353
11054
10995
11508
11059
10857
11277
31016
1984
3779
7480
11332
10794
11325
11146
10894
11271
11042
11093
11341
11135
10588
11459
11105
10956
11400
10914
10782
11388
30588
1680
3620
8575
11012
11089
11144
11055
11458
11208
10803
11308
11039
11037
11238
10982
10994
11137
11218
11012
11300
11028
11083
29862
2025
3260
9238
11174
11068
11240
11122
10994
11221
11033
10945
11264
11328
10869
11301
11105
18450
3503
11048
11153
11188
29298
1604
3799
9816
11005
11201
10946
11110
11259
11392
10748
11337
11067
10943
11174
36448
1690
3841
2409
10887
11408
11210
10933
29942
1869
3128
9539
11196
11002
10974
11036
10985
11343
11178
10969
11470
11067
10834
38468
1766
3416
12058
7872
3023
11309
11265
10995
11221
10887
11167
11547
10772
11035
11139
11132
10769
11554
11153
10789
11118
38342
1785
4054
11570
11024
11249
11093
10897
11179
11075
10992
11127
11371
10991
11019
11064
11203
10992
11207
11006
11415
11187
10886
11308
11109
10908
11224
11095
10903
11445
11112
10838
11316
11107
10902
11123
11101
10922
11574
11026
10759
11361
11011
11056
11323
11103
10894
11248
11235
11015
11268
11189
10817
11161
11008
11072
11448
11142
10923
11219
11107
10962
11091
11313
10857
11172
11045
11136
11290
11172
10932
11139
11121
10968
11509
10976
10864
11308
11175
10946
11163
11031
11000
11260
11046
10951
11525
11128
10611
11287
11297
10747
11531
11009
10962
11398
11033
11001
11105
11184
10813
11487
11160
10757
11294
11108
10975
11209
11194
11036
11185
11093
10878
11498
10882
11089
11260
11104
10916
11233
11078
11096
11296
11099
10909
11271
11052
10955
11295
11238
10870
11318
11130
10949
11224
11156
10846
19529
2729
10759
11745
11084
10851
11053
11310
10980
11232
11067
11092
11222
10907
11119
11245
11085
11226
10992
11099
11071
11390
11188
10731
11250
10959
11181
11119
11028
10821
11639
11118
10848
11043
11349
10877
11262
11168
11167
11193
11096
10941
11151
11166
10852
11368
10976
11044
11143
11091
10889
11499
10956
11160
11138
11107
11076
11259
11132
10894
11283
11105
10968
11196
11301
10949
11043
11214
10931
11311
11097
11022
11192
10877
10983
11358
11011
11106
11269
11074
11081
11230
11060
10955
11475
11040
10848
11254
11147
10963
11117
11108
11036
11212
11326
10864
11255
10912
10983
11425
10928
10983
11570
11091
10720
11401
11101
11072
11084
11182
11025
11503
10882
11028
11143
11080
10992
11023
11204
10955
11494
11063
10936
11230
10998
11041
11111
11222
10937
11488
11110
10858
11304
10987
10849
11434
10902
11190
11294
10992
10954
11253
11413
10676
11119
11142
10987
11481
11182
10844
11208
11057
11022
11283
11044
10843
11481
11100
10919
11358
11079
10849
11331
10926
11192
11210
11283
10816
11019
11175
10969
11384
11139
10838
11496
11036
10787
11276
11174
10952
11211
11012
11070
11461
11042
10963
11210
11104
10946
11354
10952
10932
11337
11190
10803
11397
11088
10951
11230
10956
11104
11428
18737
3166
11197
11187
11203
10869
11082
11133
11350
11120
10880
11133
11282
10895
11246
10891
11192
11333
11153
10924
11020
11232
10887
11385
10891
11182
11304
11083
11019
11279
11054
10954
11199
11082
11061
11425
11095
10863
10959
11189
10941
11186
11398
10739
11381
11222
10901
11227
11124
10964
11262
10980
11008
11383
11196
10958
11090
11148
11000
11317
11071
10844
11501
11149
10803
11239
11095
10998
11262
11014
11111
11269
10900
11108
35042
2207
3231
3784
11326
11409
10824
11219
11390
10903
11399
10721
11088
10756
11411
11188
11056
11140
11149
10899
11338
10998
10831
11500
10799
11046
11454
11113
10917
11332
11118
10890
11430
11302
10782
11184
11039
10875
11418
10883
11099
11079
11214
11022
11282
11064
10962
11088
11275
10905
11361
11229
10915
11199
11063
10995
11457
10941
10917
11172
11136
10936
11358
11102
10992
11248
11072
10923
11261
11120
10852
11431
11106
11013
11265
10991
10938
11396
11090
11083
11284
10905
10953
11406
10958
10981
11130
11071
11140
11237
11036
11064
11259
10893
11035
11346
11126
11013
11275
11067
10960
11237
11153
10907
11072
11818
10991
10863
10887
11152
11220
10961
10964
11389
11045
10940
11425
11088
10820
11364
11009
11038
11097
11154
11153
11039
11229
11018
18680
3530
11000
11347
11070
10964
11433
11016
10974
11387
10922
11044
11052
11188
11072
11308
11107
11011
11191
11073
10757
11409
11292
11042
11128
11022
11009
11065
11048
11059
11437
10894
11168
11335
11085
10941
11256
11181
10866
11263
11031
11055
11359
10784
11168
11203
11256
10816
11079
11424
10807
11231
11214
10876
11245
10957
11157
11107
11204
11301
11270
10985
10873
11295
11089
10922
11245
10964
11218
11297
10983
10991
11276
11523
10471
11044
11169
11177
11068
11139
11149
11263
11174
10841
11113
11085
11212
11395
11096
10841
11286
11153
10887
11045
11388
10984
11374
10963
10987
11228
11045
10880
11149
11372
10896
11316
11014
10917
11324
11054
10909
11227
11195
10917
11497
11005
10937
11270
11103
10921
11333
11047
10942
11326
11128
10719
11258
11286
10983
11167
11333
10924
11310
11050
10901
11187
11174
10937
11275
11005
10953
11509
10923
11039
11237
10991
11021
11183
11149
10869
11397
11244
10974
11009
11364
10894
11095
11230
10937
11400
11051
10998
11249
11147
10861
11237
11078
11058
11238
11075
11087
11515
10685
10995
11073
11164
11350
11130
11036
10940
11246
11209
10832
11251
11090
11087
11367
11049
10899
11273
11180
10826
11280
11027
11318
11447
10504
10847
11377
11014
11219
11195
19148
2926
11241
11275
10914
11275
11072
10937
11175
10931
11215
11187
11197
11023
11470
10962
10789
11139
11188
10981
11448
11050
10884
11241
11108
10967
11259
10947
11142
11515
10972
10942
11203
11096
10928
11309
11032
11015
11407
11058
10652
11374
11225
10770
11426
11135
10917
11477
10942
10820
11430
11075
10915
11143
11111
11128
11350
10842
11282
10959
11261
10966
11205
11045
11002
11401
10915
10858
11376
11252
10929
11231
11043
11058
11236
11001
11073
11333
11082
10942
11053
11346
10880
11429
11039
10891
11279
11202
10792
11312
11090
10894
11368
11195
10937
11221
11114
10810
11382
10987
11024
11550
11008
10683
11527
11069
10977
11279
10926
10872
11604
11091
10807
11311
11138
10760
11249
11168
10974
11382
11190
10887
11254
11061
10941
11245
10957
11085
11375
11169
10881
11271
11097
10914
11267
11243
11334
10910
11090
10881
11256
11119
10950
11282
11063
10961
11248
11204
10944
11214
11145
10898
11304
11073
10911
11419
11134
10745
11594
10967
10969
11174
11035
10848
11361
11173
10953
11272
11096
10936
11246
11130
10766
11382
11173
11043
11116
11241
10950
11257
11057
10936
11520
11173
11089
11010
11001
10928
11272
10925
10975
11542
11065
10980
11204
10897
11169
11181
11164
10860
11487
10938
18675
3433
11233
10933
11371
11075
11031
11282
11052
10790
11240
11128
10936
11433
11037
10866
11215
11228
11089
11242
11109
10943
11268
11052
11001
11218
11268
10872
11400
10956
10976
10996
11309
10847
11246
11146
11164
11245
11027
10981
11243
11117
10968
11412
11107
10875
28790
1997
3426
10245
11174
11017
11216
11186
10831
11427
11054
10983
11038
11342
10866
11194
11165
11068
11258
11114
10895
11250
11114
10861
29128
2015
3558
10045
11092
10952
11266
11275
10668
11096
11232
10886
11402
10987
10980
11032
11363
10903
11260
11279
10850
11206
30160
1670
3751
8799
11064
11316
11102
10831
11413
11130
10851
11239
11161
10931
11190
11184
10876
11269
11470
10335
11455
11332
11050
11358
11126
10873
11324
11044
10979
11188
11124
10929
11122
11255
11052
11341
11044
10941
11233
11056
10859
11510
11143
10976
11173
10993
10985
11238
10973
11068
11432
13513
8851
10885
11042
10978
11321
11128
11018
11173
11190
10952
11003
11247
10961
11271
11090
10992
28465
1954
3415
10679
11172
10994
11220
11139
10862
11187
11378
10965
11131
11488
10876
11019
11118
11029
11200
11043
11127
11230
11176
10817
11235
11206
10981
11063
11207
11045
11147
11062
11077
11186
11115
10982
11115
11426
10907
11215
11088
10710
18776
3584
10858
11410
11346
10952
11243
10995
11089
10987
11342
10934
11154
11282
11015
11210
11149
10874
11243
11133
10946
11324
10926
10994
11158
11033
11258
11237
11130
10895
11255
11266
11051
11227
10991
11021
11208
11807
10301
11127
11129
11100
11243
11175
10792
11385
11037
10820
11144
11299
10824
11576
11001
10897
11240
11109
11010
11185
11064
10903
11475
11016
10835
11487
10929
10914
11369
11273
10787
11447
11011
10777
11282
11091
11082
11225
11283
11007
10992
11275
10947
26620
1845
4737
11352
11116
11066
11347
11028
10904
11335
11062
10901
11259
11035
10873
11394
11073
11047
11322
10982
11077
11214
11183
11011
11255
11004
10978
11146
11206
10917
11256
11115
11097
11297
10930
11064
11314
10897
11103
11157
11097
11118
11230
11007
11019
11222
11174
10925
11192
11043
10904
11368
11069
11073
11226
11227
10942
11181
11107
10928
11433
10962
11017
11242
11174
10886
11150
11112
11159
11286
10959
10977
11319
11130
10946
11142
10985
11113
11422
11018
10952
11284
10960
11108
11151
11118
10806
11580
10984
10974
11329
11104
11034
11181
11136
10863
11353
11081
10928
11239
11137
10857
11342
11125
10931
11174
11247
10985
11303
10984
11089
11579
10529
11079
11345
11105
10962
11370
11029
10930
11250
19199
2808
11374
11119
10892
11105
11249
10864
11405
10914
11080
11447
11009
10768
11267
11290
11075
11154
10976
11047
11328
11134
10871
11343
11115
10924
11201
10934
10956
11513
11105
10969
11279
11073
10902
11165
11216
10917
11341
11154
10831
11331
11138
10971
11251
10912
11115
11353
11056
10934
11295
11092
10946
11255
10997
10954
11345
11218
10905
11085
11339
10889
11090
11094
11008
11358
11073
11025
11392
11063
10868
11068
11293
11032
11286
11107
10929
11326
10842
11182
11078
11056
11282
11205
11125
10775
11230
11239
10797
11348
11053
11006
11523
10994
10936
11235
10965
11128
11150
11021
11269
11275
11040
10920
11175
11040
11210
11198
11017
10814
11494
10897
11113
11275
11083
10967
11294
11339
10707
11126
11258
10952
11254
11112
10914
11196
11218
10789
11295
11212
11246
11006
11141
10918
11077
11190
10970
11443
10996
10995
11410
11015
10985
11198
11070
11104
11127
10994
10938
11483
11090
10943
11235
11098
10921
11345
10896
10956
11247
11043
10965
11419
11037
11055
11283
11258
10923
11215
11098
10956
11217
11114
10860
11545
11051
10959
11233
10882
11477
11265
10797
10920
11176
11265
10930
11248
11089
10973
11318
11041
10934
11200
11297
10921
11282
11042
11038
11207
11068
10988
11064
11388
18586
3658
11090
10788
11168
11088
10974
11364
11152
11035
11277
11144
10917
11209
11106
10991
11348
11148
10893
11278
11092
10955
11206
11111
10847
11325
11115
10861
11210
11049
11244
11262
11084
10950
11406
11095
10729
11405
11141
10908
11248
11025
11003
11432
11053
10940
11237
11245
10802
11392
11020
10941
11195
10959
11106
11328
11165
10946
11208
11115
10833
11387
11219
10879
11266
10995
10966
11210
11234
10971
11182
11173
11002
11395
11020
10792
11175
11042
11080
11507
11077
10907
11268
11074
10973
11266
11136
10864
11512
11006
10927
11258
11121
10805
11179
11292
10924
11306
10989
11017
11162
11060
11137
11245
11178
10914
11386
11034
10946
11305
11157
10910
11203
10977
11057
11372
11168
10909
11266
11129
10860
11272
11114
10930
11217
10941
11038
11451
11093
10965
11265
11038
10997
11195
11130
11045
11332
11054
10905
11168
11168
10945
11175
11279
10960
11346
10904
11060
10958
11120
11077
11225
11350
10844
11088
11472
10971
11205
10977
11004
11229
11208
10937
11270
11088
10843
11375
11055
10887
11403
11258
10656
11269
11077
11140
11225
11094
10846
11319
11240
10925
11291
11074
10764
11362
11190
10989
11213
11223
10879
11376
10919
10924
11333
11196
10951
11145
11187
10886
11352
11147
10946
18593
3715
10993
11330
10993
10972
11342
11082
11018
11197
11079
10931
11242
11165
11008
11360
11091
10895
11010
11131
10999
11431
11070
11042
11220
11168
10936
11210
11177
10966
11029
11218
11075
11241
11157
10937
11176
11181
10846
11372
10968
10867
11372
11115
10917
11381
11131
10893
11235
11198
10854
11343
11186
10863
11270
18960
2982
11358
11045
11034
11359
11115
11055
11180
11108
10912
11203
11165
10936
11264
11172
10939
11120
11233
10983
11118
11014
11253
11185
11274
10890
11276
10950
11000
11115
11261
11104
11267
11136
11176
10755
11068
10979
11351
10933
11233
11231
11172
10971
11204
11120
10988
11091
11081
11149
11295
11123
10923
11211
11086
11015
11269
11034
10811
11316
11104
10974
11364
11141
10973
11219
11054
10966
11259
11175
11009
11086
11129
11069
11273
11022
11155
11127
11145
11015
11237
11111
10887
11181
11058
11162
11308
11135
10903
11247
11084
10979
11252
10875
11139
11373
10992
10957
18630
3700
10809
11352
11266
10976
11270
11174
10747
11096
11196
11007
11329
11089
11033
11233
11163
10921
11207
11217
10803
11351
18478
3493
11411
11100
11008
11262
11112
10939
11311
10978
10839
11288
11167
11051
11234
11082
11029
11106
11132
11023
11520
10947
10974
18361
3942
10975
11260
19215
2893
11194
11251
10948
11234
11147
10879
11248
10894
11035
11229
11338
11036
11154
11132
10974
11208
10969
11083
11283
11108
10968
11309
11060
11028
11194
10793
11223
11731
10549
11208
10989
11064
11227
11067
11058
10988
11298
11385
10789
11310
10925
11207
11202
10864
10969
11329
11343
11009
11204
10932
11018
11140
11100
11075
11245
11363
10784
11309
11070
11018
11232
11006
10900
11350
11187
10952
11224
11095
11003
11235
11039
11107
11256
11197
10900
11226
11045
11027
11216
10880
11028
11380
11223
10896
11320
11061
10917
11224
11009
10965
11448
10893
11137
11229
11173
10905
11353
11058
11045
11261
11067
10987
11215
11088
11040
11228
10873
10957
11451
11282
10868
11143
11140
11017
11267
10895
11078
11459
11033
10916
11297
11038
11078
11481
10571
11119
11392
11202
10827
11070
11284
10851
11373
10908
10907
11407
11250
10805
11432
10839
11216
11185
10950
10956
11253
11332
10915
11400
11029
10969
11311
10792
10951
11391
11251
10919
11272
11108
11025
11240
10902
11113
11196
11294
10778
11323
11168
10954
11296
10842
11133
11333
11200
10682
11397
11134
10993
11254
10921
10926
11382
11278
10862
11363
11004
10972
11199
11048
10859
11261
11229
10987
11301
10963
11119
11305
11171
10864
11049
11264
18701
3600
11113
11009
11237
10889
11204
11190
11110
11003
11195
11205
10964
11254
10904
11004
11246
11222
10852
11820
10710
10965
11264
11050
10818
11291
11143
10923
11456
11083
10993
11306
10804
11037
11344
11092
11018
11294
11111
10965
11243
10938
11021
11106
11163
11040
11335
10985
10749
11463
11094
10924
11280
11149
11177
11271
11105
10969
11151
11147
10928
11203
11328
10877
11094
11272
10950
11596
10582
11120
11220
11179
10936
11368
11051
10969
11266
10890
11106
11208
11280
10923
11315
11115
10944
11167
10977
10911
11335
11296
10830
11402
10892
11092
11151
11070
10919
11288
11247
10942
11352
11080
10891
11359
10866
11161
11163
11210
10819
11445
11117
10993
11268
10884
11105
11203
11306
10809
11302
11118
10917
11230
10942
11192
11170
11510
10606
11415
11012
10947
11192
10872
11227
11285
11106
11070
11234
11080
10969
11169
10926
11113
11295
11072
10973
11418
11132
10809
11257
10968
11141
11102
11634
10601
11164
11083
11115
11264
10886
11044
11221
11283
10801
11653
10715
11093
11302
10833
11237
11062
11258
10837
11482
11084
10987
11320
10794
11028
11370
15108
6979
11287
11102
10805
11348
10963
11151
11074
11144
10992
11250
11246
11013
11186
10974
11132
11199
11008
11032
11362
11141
10916
19662
2555
10965
11206
11184
10898
11393
10986
11233
11161
10899
11195
11444
10659
11034
11468
11051
10979
13036
9100
11042
11227
11219
11068
11277
11067
10920
11254
10915
11019
11277
11225
10897
11251
11268
10847
11291
10876
11156
11278
11972
10304
11175
11060
10963
11017
11248
11000
11181
11210
10804
11601
10936
10952
11252
11160
10936
11269
11000
10885
11258
11127
10998
11419
11087
10939
11246
12064
10050
11165
11228
10906
11273
11198
10808
11241
11220
10889
11301
11163
10941
11362
11172
10715
11333
10960
10982
11331
11097
10889
11390
11152
10835
11308
11106
10987
11304
11162
10889
11269
11031
10954
11273
11087
11023
11185
11241
10964
10937
11167
10999
11261
11374
10825
11367
11143
10925
11215
12065
9936
11270
11116
10945
11377
11880
10207
11277
11073
10935
11504
10923
10899
11165
11059
11201
11185
10905
11125
11252
11072
11015
12635
9801
10954
11182
11118
10942
11257
11766
10015
11523
11191
10876
11447
11038
10896
11226
10903
11093
11381
11210
10710
11500
11907
10073
11249
11047
11022
11285
11174
10916
12346
10151
10777
11264
10958
10813
11439
11131
11174
11018
11097
10995
11439
10961
10928
12467
10130
10886
11326
11130
11343
10910
10936
10823
11355
10967
11188
11281
10830
11174
11275
19335
2557
11182
11259
11141
11056
11740
10548
11198
11125
10944
11332
10998
11062
11264
11025
10955
11299
11085
11017
11306
11214
10875
11249
11359
10903
10966
10950
10904
11578
11088
10909
11221
11244
10926
11791
11336
10104
11423
11054
11011
11226
11114
10958
11300
11118
10903
11115
11393
10921
11243
10918
11064
11313
11038
10946
11020
11505
10909
12653
9570
10934
11217
11217
10899
11094
11393
11012
11225
11010
10995
11350
11109
10813
11227
11132
10970
11364
11139
10908
11462
10925
10844
11412
11161
10884
11328
11031
10989
11243
11106
11031
11542
10904
10741
11396
10944
11095
11246
10974
10897
11402
11206
10964
11220
11159
10993
11207
11087
10929
11402
11030
10952
11280
11041
10975
11256
11111
10888
11507
12244
9802
11035
11089
10909
11316
10957
11218
11212
11158
10964
11282
11184
10758
11334
11110
10787
11408
11305
10794
11029
11144
11048
12517
10039
11240
10750
11187
10912
11470
10969
11095
11224
11077
10980
11296
11187
10920
11210
11107
10913
11345
11076
10842
11371
11193
10959
11265
11044
10949
11240
10945
10882
11399
11118
11102
11222
11159
10913
11196
11078
11013
11330
11092
11023
11265
11005
10933
11314
11094
10892
11393
11080
11076
12286
9757
10906
11431
11124
11025
11365
11105
18528
3623
11004
11005
11300
11100
10903
11292
11310
10890
11322
11014
10829
11247
12811
9362
11068
11187
10936
11502
10998
10985
11330
11087
10824
11195
11180
11142
11243
10934
10877
11288
11475
10575
11233
11160
10890
11460
11089
11017
11164
10884
10949
11271
11223
11045
11378
11043
10986
11238
11061
10930
11312
11138
11007
11241
11049
10867
11429
11049
10771
11402
11515
10984
10736
11063
11206
11072
11250
10991
11215
11093
11077
11284
11061
11005
11222
11096
10884
11260
11308
10832
11395
11004
10851
11519
10917
11086
11109
11191
10847
11362
11123
10998
11001
11359
10944
11216
11316
10813
11194
11202
10935
11286
11064
10933
11198
11033
11109
11156
11139
11078
11209
10868
10926
11265
11248
10896
11445
11007
11056
11266
11051
10925
11299
11153
11151
11074
11006
11046
11304
11065
10885
11262
11430
10902
10964
11049
11074
11157
11218
10989
11151
11111
11128
11269
11118
10868
11315
11082
10931
11113
11271
11046
11246
11069
10960
11104
11292
11000
11196
11023
10917
11361
11093
10991
11223
11210
10879
11205
11113
11113
11061
11225
10972
11305
11047
10919
11250
11235
10874
11372
11065
11044
11245
10914
10997
13434
9357
10692
11257
11037
11027
11229
11050
10929
11285
11071
10940
11363
11193
11009
18591
3609
10891
11410
11005
11172
11003
11124
10926
11286
11229
10943
11185
11265
10975
11296
11003
11034
11238
11072
10963
11241
11090
10971
11295
10948
11118
11141
11036
11051
11349
10908
11001
11353
11000
11155
11230
11044
11004
11214
11157
11026
11121
11259
10850
11359
11090
10919
11265
11320
10819
11270
11095
10871
11370
10860
11007
11279
11080
11078
11389
11043
10921
11207
11180
10863
11296
10856
11112
11372
11026
11074
11271
11124
10935
11511
10556
11118
11312
11019
11041
11179
11396
10898
11302
11115
11011
11327
11022
10998
11278
11080
10890
11130
11182
11080
11260
11098
10970
11311
11006
11011
11247
11110
10738
11430
11034
11008
11241
11148
10885
11179
11168
11086
11220
11000
11054
11316
11039
10916
11303
11037
11059
11298
11003
11087
11215
10930
10938
11199
11145
11201
11141
11034
11128
11261
11142
10892
11282
11058
10898
11415
11106
10976
11345
11018
10936
11295
11057
10900
11249
11021
11009
11275
11101
10977
11280
11140
11114
11180
11110
10940
11343
11058
10971
11185
11084
11068
11244
11043
10883
11479
11062
10932
11185
11070
10857
11315
11171
10966
11424
11147
10872
11209
11026
11051
11300
11062
10864
11396
11073
11047
11178
11088
11106
11068
11261
11017
11162
10868
11000
11239
19390
2726
11211
11331
10915
11037
11374
11009
11140
11100
11059
11375
11054
10965
11314
11047
10944
11179
11128
11077
11080
11049
10973
11170
11115
11188
11289
11038
11017
11291
11093
10978
11261
11015
10841
11373
10944
11091
11311
11124
10998
11211
11181
10965
11225
11012
10872
11242
11227
10853
11452
11170
10855
11272
11051
10918
11339
11176
10928
11297
11118
10924
11249
11028
10975
11351
11203
10985
11193
10877
10841
11222
11275
11032
11383
11075
10976
11288
11130
10982
11176
11051
10961
11418
10996
10995
11267
11144
10935
11250
11104
10936
11262
11078
10921
11147
11242
10917
11405
11077
10933
11336
11131
10953
11227
11253
10814
11248
11091
10906
11332
11126
10941
11266
11172
10931
11229
11103
10787
11267
11155
11089
11318
10928
11052
11225
11135
11008
11283
11115
10953
11330
11082
10870
11242
11245
10825
11147
11408
10877
11315
10814
11061
11515
11560
10346
11285
11129
10976
11178
11020
11083
11253
11023
11038
33844
18854
2171
3423
8896
13200
8892
11015
10963
11132
11213
10818
11404
11340
10819
11233
11053
11103
11225
11162
10952
11192
11116
10970
11309
10980
10896
11369
11182
10887
11356
11036
10977
11203
10991
10938
11441
11111
11018
11275
11005
11004
11194
11143
10907
11280
11298
18301
3778
10997
11043
11246
11156
11069
11295
11119
10832
11070
11076
11009
11253
11204
10965
11343
10964
10980
11434
11073
10957
11121
11036
10956
11360
11317
10920
11257
11022
10994
11335
10962
10884
11226
11186
10877
11451
11061
10999
11266
11127
10925
