1407549
6544
3116
13172
8418
4020
21175
8230
4562
9076
11328
10793
11215
12786
9859
10965
11156
10496
11294
10997
10988
11523
11422
10781
25102
1595
6550
11306
10906
10803
11311
11044
11090
11572
11097
10892
11119
11013
10873
11458
11410
10513
11124
11139
11345
11139
11176
10906
10937
11608
10837
11062
11233
10947
11344
10772
11188
25163
1622
6758
11309
10731
11332
11198
11031
10929
10938
11347
10983
11408
11143
10573
11272
11434
10651
11505
11218
11077
11229
11038
10967
11603
10718
10621
25236
1933
6686
11129
10829
11263
11205
11061
11022
12701
9517
11222
11233
11021
10980
11217
11116
10607
11406
11457
10588
11579
10778
11277
11235
11153
10550
11294
11125
10968
11212
12577
9456
11629
11156
10891
10921
11193
10915
11652
11103
10927
11303
11020
10747
24932
2880
5503
11586
10814
11203
11286
11059
10632
11319
11709
10590
11156
11341
10903
11328
11557
10351
11045
11139
11287
11348
24571
19528
1740
4212
5396
13851
8328
10740
12424
9921
11328
11248
11001
10658
11525
11093
10652
11612
11196
10967
10894
25981
1809
23442
1661
4144
9950
11193
10907
10951
12283
10040
11025
11240
10910
11479
11191
10950
11270
13196
8885
11080
11101
10939
25697
2110
5590
11363
10750
18772
3441
11040
11036
12377
10357
10972
11179
11091
10953
10983
11157
11459
11123
11099
10720
11495
11106
10635
25471
1999
6299
11194
11076
10637
11533
11177
10810
11238
10888
11164
11097
11460
10816
10980
11543
10893
11131
10837
11022
11546
10843
11215
11211
11233
10977
11164
10905
11086
11013
11202
11335
11277
24944
1587
24113
1780
4445
9423
11392
10823
13159
9508
10750
11212
11070
10774
11480
10892
10987
11580
11510
10393
11292
11086
10821
25844
19306
1493
5025
4343
10836
10938
11195
11113
11134
11254
11004
11125
11355
10910
11231
11163
10756
11625
10934
11038
11229
25343
1483
23959
1625
4159
10119
10717
11251
11272
10769
11297
11223
11143
10834
11583
10744
11263
11217
11426
10581
11341
10930
10870
25523
1731
6080
11569
11028
10935
11212
11101
10710
11648
10735
11376
11168
11141
11058
10840
11286
10871
11250
11204
11232
10852
11357
10955
24971
1651
6542
11405
10861
11412
11176
11068
10923
10911
11151
11012
11472
11145
11046
10929
11398
10957
11284
11046
10890
11329
24310
1872
7279
11066
10578
11554
11022
10988
11360
11105
11063
10967
11024
11274
11042
11213
11132
11008
11273
11080
11245
11080
10914
24204
1783
7070
11405
11298
10910
11267
11079
11037
11091
11155
10694
18707
3584
11338
11269
11132
10908
11237
10901
10922
11160
24016
1592
8068
11109
10905
11266
11052
11123
11353
10701
11366
10828
11116
11224
10931
28722
1498
4556
9861
11186
11145
11193
10918
24162
1514
7509
11598
11096
11022
11186
10656
11235
11233
11059
10705
11792
11059
10534
30099
1640
4465
8534
10863
11042
11412
11402
10881
11284
10948
11132
11201
11111
10905
11249
11238
10925
11306
11143
10774
11467
38442
1711
4315
10963
11078
10935
11336
11004
11189
10972
11109
11309
11103
11036
11290
10960
10962
11276
11111
11097
11246
11168
10992
11224
11021
10797
11201
11141
11057
11431
11037
10944
11252
11087
10947
11229
11083
11080
11297
11120
10901
11226
11112
11072
11100
11152
11026
11244
11163
10748
11232
11356
10829
11271
11045
10978
11431
11129
10842
11606
10643
11129
11228
11066
10917
11194
11387
10865
11288
11057
10960
11215
11107
10895
11491
11076
11066
11098
11234
10816
11200
11149
10912
11134
11347
10861
11328
11073
10963
11199
11089
10911
11685
10970
10866
11271
11090
10935
11197
11105
10936
11497
11076
10910
11246
10955
11048
11255
10985
10988
11433
11167
10853
11246
11010
11066
11246
11122
10927
11503
11061
10902
11263
11038
10965
11471
10879
10886
11483
10872
11077
11264
18856
3042
11369
11113
10932
11405
11003
11012
11316
11079
10985
11225
11042
10946
11231
11321
10785
11222
11181
10988
11187
11070
10980
11355
11193
10873
11303
11062
10920
11125
11187
10944
11249
11250
11029
11229
11053
10987
11376
10949
11053
11357
10886
10977
11413
11062
10980
11283
10874
11009
11443
11180
10871
11266
10987
11061
11225
11106
10927
11221
11104
10836
11296
11268
10753
11394
11027
10996
11353
11282
10987
11234
11087
10910
11256
11102
10881
11216
11257
10953
11267
11129
10877
11255
11037
10971
11221
11252
10918
11339
11061
11129
11063
11128
10881
11247
11284
10888
11281
11072
11036
11244
11089
10921
11233
11201
10964
11338
11034
10927
11294
11087
10866
11215
11293
10913
11317
11104
10887
11220
11169
10890
11262
11214
10934
11250
11110
10920
11243
11094
10971
11200
11143
11109
11253
11036
11022
11272
10996
10965
11256
11319
10926
11226
11069
10876
11322
11154
10871
11186
11363
10753
11434
11179
10820
11248
10937
11058
11060
11149
10978
11283
11344
10925
11048
11115
10876
11280
11262
10901
11249
11114
10935
11258
11256
10873
11197
11359
11009
11319
11053
10925
11331
10927
10974
11097
11279
10921
11354
11116
10932
11243
11104
10976
11027
11318
11029
11224
11123
10995
11144
11137
18382
3698
11145
11140
11125
11257
10921
11143
11226
10913
11249
11227
10971
11349
11023
10956
11226
11090
10971
11338
11226
10784
11205
11251
10963
11234
11026
10796
11213
11226
10992
11362
11203
10880
11170
11159
10907
11258
11183
11063
11203
11076
10910
11273
11071
11007
11228
11255
10895
11414
10979
10969
11180
11120
10995
11124
11030
11090
11238
11138
10923
11301
10951
11099
11042
11190
11211
11302
11081
11031
11217
11011
10948
11249
10990
11194
11307
10985
11028
35243
1970
4779
2417
11282
11020
10983
11312
11093
10969
11228
11064
11118
11063
11248
11138
11025
11154
11105
10885
11328
10860
11118
11318
11253
10805
11315
11173
10870
11204
10992
11152
11295
11071
11098
11111
11033
11072
11249
10978
11224
11163
11134
10951
11280
11084
10950
11246
11060
10984
11215
11291
10737
11393
11074
11031
11205
11035
10927
11266
11139
11189
11155
11016
10944
11270
11168
10691
11187
11280
11063
11286
11122
10971
11219
11145
10718
11258
11211
10975
11249
11324
10704
11239
11137
10963
13513
9407
10580
11315
11099
10910
11251
10994
11071
11438
11057
10751
11416
11091
10988
11202
11170
10784
11331
11288
10711
11433
11164
10948
11232
11027
11022
11499
10991
10959
11188
11094
10945
11174
11154
10826
11105
19464
2708
11408
11086
11064
11130
11182
10952
11169
11234
11020
11299
11133
10883
11197
11174
10859
11240
11121
10867
11254
11308
10918
11202
11231
10902
11301
11151
10955
11049
11382
10900
11011
11282
10952
11241
11286
10838
11343
11048
10960
11277
11089
10893
11207
11336
10864
11252
11193
10872
11226
11107
10949
11284
11277
10914
11046
11045
10942
11293
11028
11018
11381
11109
11211
11178
11009
10949
11307
11121
10947
11181
11079
11114
11295
10852
11179
11203
11089
10930
11221
11351
10912
11164
11151
10926
11690
10994
10633
11149
11188
10946
11130
11358
11003
11205
11087
10991
11230
11360
10781
11203
11106
10957
11193
11174
10941
11166
11260
11026
11591
10700
10938
11220
11155
10862
11227
11116
11073
11318
11105
10924
11161
11203
10997
11229
11286
10892
11252
11090
10934
11214
11093
10972
11242
11238
10898
11267
10838
10919
11452
11100
10982
11079
11263
11095
11492
10919
10889
11273
11093
10987
11076
10989
11314
11241
11111
10964
11160
10998
10831
11450
11087
10966
11468
11140
10847
11258
11137
10927
11297
11200
10944
11305
11007
10971
11215
11147
10882
11233
11127
11168
11122
11221
10860
11169
11139
10884
11257
11247
10960
11269
11051
10894
11342
11100
10940
11236
11023
11125
11287
11136
18558
3403
11246
10974
11209
11169
11085
11284
11053
10915
11284
11051
10993
11217
11011
11174
11287
11094
10875
11266
11074
11020
11169
11140
11116
11246
11076
10785
11333
11088
10958
11208
11310
10947
11368
11037
10860
11263
11114
10966
11212
11091
11041
11353
11109
10882
11269
11037
10955
11222
11076
11105
11299
11143
10877
11161
11160
10953
11219
11129
11070
11344
11064
10868
11275
11131
10919
11239
11032
11158
11290
11107
10795
11299
11167
10863
11317
11085
11246
11064
11126
10878
11268
11001
11069
11188
11009
10957
11380
11189
10961
11226
10879
11205
11224
10973
11230
11273
11022
10953
11199
11177
11010
11003
11077
11045
11474
11108
10931
11282
10880
11131
11208
10943
11115
11146
11357
10947
11179
11079
11040
11238
10895
11098
11422
11022
10976
11212
11155
11000
11100
11480
10816
11224
11125
10924
11260
11071
10945
11248
10972
11253
11284
11051
10930
11177
11197
10882
11374
10978
10898
11466
11148
10841
11179
11173
10852
11369
11009
11144
11330
11071
10936
11158
11175
10930
11199
11099
10881
11518
11105
10936
11238
11057
10966
11252
11048
10959
11466
11081
10921
11149
11210
10857
11250
11042
11031
11376
11114
10955
11182
11108
10942
11321
11028
11127
11190
11103
10996
11189
11147
10981
19605
2469
11037
11518
10833
11153
11198
11105
10804
11094
11335
11006
11455
11099
10931
11168
11198
10934
11231
11086
10907
11474
11093
10894
11290
11026
10956
11270
11098
10932
11411
11115
10888
11140
11203
10953
11240
11119
10933
11447
11039
10944
11186
11077
11053
11062
11265
10777
11578
10997
10991
28476
2131
4323
9599
11126
10982
11415
10991
11059
11136
11093
10951
11259
11061
10937
11511
11038
11023
11084
11160
10948
11178
11130
10915
28799
2076
4610
9209
11142
10966
11252
11010
10952
11318
11085
10857
11315
11062
10905
11305
11053
10919
11285
11255
10927
11297
29797
1770
4417
8322
10966
11262
11294
10954
11204
11088
10922
11274
11024
10995
11350
11029
10955
11294
11384
10717
11214
11109
11128
11189
11172
10950
11279
11135
10994
11221
11040
10933
11501
11066
10824
11287
11081
11000
11207
10988
11073
11481
11016
10944
11235
11042
10991
11250
11048
10950
11468
10828
10964
11227
11050
11204
11254
11086
10830
11421
11123
11006
11165
11137
11044
11455
10848
10909
29053
2170
4261
9118
10940
11137
11212
11138
10974
11210
11327
10901
11166
11211
10904
11276
10959
11016
11248
11369
10883
11179
11089
11043
11184
10897
11062
11281
11043
10952
11476
11036
11055
11166
11082
11016
11207
19270
2717
11324
11168
11040
11212
11039
10984
11472
11128
10658
11378
11085
11046
11018
11290
10943
11209
11281
10957
11174
11093
10976
11273
10905
11077
11286
11252
11016
11162
11061
11086
11110
11083
10989
11190
11318
10677
11489
11106
10708
11446
11070
10940
11287
11093
10989
11278
10818
11132
11332
11129
10804
11351
11135
10930
11354
11094
10973
11258
11089
10987
11250
11103
10991
11301
11122
10933
11212
11124
10970
11191
11260
10992
11213
10999
11032
11213
11094
10975
11176
11324
11019
13421
9183
10559
26584
1995
4917
10994
11315
10963
11318
11073
10951
11176
11053
11002
11173
11319
10963
11206
11136
10927
11244
11050
10956
11251
11194
10960
11336
11003
10926
11229
11188
10948
11102
11410
10860
11274
11099
10867
11299
11056
11026
11209
11251
10867
11331
11053
10991
11246
11067
10969
11335
10882
11100
11280
11197
10973
11194
11004
10994
11210
11282
10974
11161
10872
11235
11179
11090
11014
11211
11097
11080
11351
10983
10927
11293
11060
10871
11303
11358
10929
11247
11058
10978
11208
11055
10978
11285
11159
10963
11349
11077
10879
11268
11076
10994
11131
11075
11220
11217
11126
10728
11400
11137
10961
11177
11018
11202
11208
11106
10955
11106
11086
11043
11146
11194
11022
11381
11014
18714
3482
10989
11086
11219
11091
11081
11296
11079
10822
11274
11148
10832
11432
11143
10986
11277
11052
11000
11193
11099
11002
11277
11076
10877
11312
11306
10875
11167
10988
11145
11146
11176
10994
11140
11192
11073
11176
11062
10926
11259
11070
11235
11158
11033
11002
11261
11224
10928
11103
10883
11177
11139
11282
10839
11375
11035
11105
11175
11074
10949
11471
11006
10953
11154
10964
11149
11251
11077
11111
11346
11085
10951
11205
10871
10978
11203
11221
10939
11395
11197
10918
11127
11222
10955
11191
11048
10980
11353
10895
11173
11251
11134
10949
11301
10970
11030
11207
11215
10867
11346
11103
10978
11124
11025
10929
11569
11102
10907
11195
11100
11041
11198
11220
10679
11507
11134
10880
11356
11067
10841
11283
11008
10867
11580
11116
10765
11432
11107
11012
11310
10845
11022
11289
11239
10849
11429
10980
11016
11221
10807
11177
11329
11476
10656
10960
11309
10956
11141
11200
11037
11246
11004
11113
11293
11030
10935
11312
10968
11184
11204
11151
10910
11247
11061
10996
11293
10972
10975
11319
11047
10937
11280
11074
11110
11080
11245
10906
11412
11169
10829
11322
11089
10935
11231
11107
10942
11365
11177
10917
11198
11129
11127
11087
10916
10970
11359
11182
10979
11172
11092
11033
18869
3528
10690
11682
11026
10920
11254
11032
10996
11276
10957
10887
11341
11264
10983
11173
11105
11030
11258
10850
11007
11512
10995
11101
11225
11059
10929
11248
11143
10922
11507
11056
10932
11201
11015
11031
11354
11082
10808
11118
11357
10984
11000
11440
10858
11063
11264
10766
11426
11190
10925
11469
10941
10957
11234
11118
10884
11399
11100
11057
11079
11185
10972
11209
11057
10819
11398
11212
10997
11218
11043
10959
11275
11041
11025
11417
10903
11006
11230
11047
11022
11328
11089
10941
11431
10875
11152
11094
10867
11263
11256
11032
10953
11641
10966
10901
11126
11050
11049
11215
11095
10921
11307
11099
11123
11173
11128
10977
11204
11234
10794
11361
11119
10972
11257
11034
11055
11188
11107
10906
11120
11267
11022
11244
11122
10867
11363
11014
10997
11201
11180
11077
11165
11188
10893
11235
10903
10978
11387
11023
11151
11085
11085
10899
11508
11083
10944
11243
11219
11015
11184
11103
10989
11197
11076
10954
11220
11282
10831
11322
11126
10971
11210
11049
10949
11533
10729
11255
11291
10989
11031
11249
11051
10961
11207
11324
10763
11304
11152
11007
11199
11035
10952
11254
11182
11139
11105
11072
10988
11051
11331
10891
11267
11122
10967
11170
11275
10963
11264
10999
10887
11363
19146
2716
11437
11235
10952
11205
11082
10787
11364
11362
10756
11360
11092
10991
11206
11117
10953
11215
11188
11141
11103
11141
10924
11174
11105
10919
11300
11326
10758
11318
11089
11015
11229
10919
11097
11248
11262
10627
11490
11090
11026
11179
11207
10820
11299
11189
10999
11265
11093
10899
11337
10962
10966
11250
11224
10968
11253
11080
11026
11169
19096
2751
11441
11292
10922
11313
11020
10951
11173
11134
10956
11248
11210
10940
11275
11106
10945
11213
10929
10953
11273
11216
10939
11431
11058
10991
11163
11195
10858
11348
11313
10940
11191
11086
10948
11308
11030
10730
11410
11264
10933
11259
11049
10939
11231
11058
10972
11213
11172
11038
11252
11141
10922
11205
11141
10955
11250
11205
10899
11302
11102
10937
11173
11159
10971
11083
11359
10990
11243
11120
10915
11247
11131
10915
11277
11073
10927
11193
11277
10999
11196
11169
10710
11482
11013
11107
11218
11148
10915
11229
11202
10823
11106
11078
11114
11369
11107
10929
18787
3462
10990
11247
11248
10898
11153
11255
10979
11303
11115
10827
11243
11164
11044
11066
11231
10935
11326
11038
10959
11279
18093
3941
11224
11160
10961
11340
11064
10964
11193
11179
10818
11379
11228
10936
11199
11165
10902
11333
11044
10699
11462
11281
18572
10735
3865
11034
11049
11179
11193
11228
11090
10992
11245
11067
10891
11245
13871
8681
10937
11126
10990
11129
11139
10907
11145
11228
10828
11422
11127
10938
11299
11103
10906
11253
10947
11015
11412
11051
11038
11217
11217
10895
11118
11428
10905
11106
11108
10969
11262
10940
11113
11009
11210
10995
11365
11206
10923
11248
11016
10999
11193
11004
11227
11231
11098
11013
11210
11284
10948
11181
11028
10843
11152
11356
11015
11199
11122
10951
11025
11399
10907
11252
11178
10965
11197
11089
10930
11142
11372
10829
11287
11308
11099
11194
10787
10939
11140
11138
10927
11495
11072
10837
11433
11004
10996
11105
11319
10916
11300
11193
10969
11197
11065
10965
11187
11292
10960
11346
10946
10981
11094
11251
11043
11015
11276
10925
11187
11235
10965
11279
11077
10903
11109
11275
10940
11328
10952
10982
11377
11140
10816
11266
11021
11077
11164
11250
10969
11303
11066
10946
11312
11094
11025
11300
11075
10989
11227
11039
10919
11288
11092
11045
11260
11027
10922
11437
11063
10726
11319
11051
11067
11342
11178
10903
11341
11091
10944
11199
11083
11064
11314
11127
10927
11227
11074
10977
11263
11144
10821
11374
10961
10906
11294
11227
10829
11338
10968
11120
11350
11110
11001
11238
11030
10912
18718
3571
11110
11324
11077
10955
11255
11062
11030
11341
11043
10899
11094
11324
10911
11315
11124
10893
11290
11093
10946
11329
11232
10802
11325
11078
10917
11288
11118
10958
11289
11247
10879
11337
10902
10805
11280
11109
10960
11357
11152
10986
11309
11125
10848
11137
11026
11006
11516
11104
10929
11522
10917
10932
11326
11094
10918
11371
10906
10928
11156
11036
11239
11270
11062
11040
11252
11206
10868
11247
10886
11146
11240
10995
11103
11288
11143
10970
11120
11334
10866
11301
10974
10915
11234
11254
11025
11215
11108
10869
11241
11180
10953
11325
11073
11001
11248
11076
10907
11307
11062
10867
11516
11031
10977
11301
11071
10709
11232
11156
10945
11483
11151
10849
11361
11078
10734
11454
11102
10866
11421
11113
10878
11358
11123
11020
11052
11167
10980
11395
10850
10924
11241
11128
10975
11407
11073
11025
11315
11067
10879
11337
11197
10851
11249
11149
10927
11169
11348
10932
11183
11224
10849
11337
11006
10924
11064
11443
10870
11341
11007
10937
11259
11084
10664
11264
11536
10917
11325
11072
10885
11259
11141
10912
11407
11178
10637
11464
11093
10901
11459
10694
11168
11255
15509
6580
11164
11282
10859
11306
10972
11042
11207
11156
10835
11457
11071
10990
11254
11100
11153
11145
19078
2772
11187
11440
10776
11316
11127
10988
11192
11039
11027
11404
11078
10862
11314
10861
10968
11654
10696
11072
11421
11107
11382
12547
9280
11007
11174
11310
10830
11352
10861
11125
11236
11165
10929
11225
11201
10976
11332
11078
10871
11234
11051
11025
11216
12505
9718
11315
11077
10668
11304
11136
11021
11481
11033
10971
11430
10959
10935
11203
11145
10900
11234
11281
10923
11191
11152
10769
11365
11169
10794
11433
11987
10013
11150
11052
11188
11039
11331
10809
11251
11220
10950
11315
11128
10999
11090
11285
10730
11350
11280
10904
11351
10976
11013
11166
11246
10875
11101
11174
10984
11208
11306
10874
11094
11332
10876
11285
11184
10876
11392
11051
10910
11249
11079
10989
11085
11493
10955
11277
10824
10893
11365
12026
9942
11414
11064
11050
11253
11876
10178
11125
11268
10931
11199
11229
10936
11357
11070
10684
11460
11119
11116
11103
11059
10840
12261
10094
11132
11252
11139
10906
11227
12003
10096
11493
11044
10901
11264
11126
10909
11083
11126
11119
11339
11094
11071
11131
12262
9720
11145
11351
10821
11324
11242
10857
12236
9997
11123
11151
11126
10990
11391
11018
10917
11251
11175
10851
11173
11107
11148
12280
10252
10816
11089
11458
11077
10823
11114
10871
11437
11077
18647
3596
11073
10969
11222
11132
11077
11271
11082
10887
11247
11725
10359
11230
11072
10980
11287
11183
10944
11310
11103
10913
11258
10980
11152
11216
11231
10812
11300
11147
10862
11245
11172
10914
11426
11089
10811
11365
10881
11178
11723
11398
10231
11308
11132
10894
11262
11054
10903
11196
11145
10978
11458
11025
10911
11202
11217
10964
11219
11071
10952
11357
11234
10771
12746
9586
11027
11229
11105
10889
11429
11153
10855
11301
11061
10947
11253
11189
10953
11305
11146
10863
11304
11014
10996
11438
10895
10940
11126
11155
11161
11212
11182
10955
11168
11074
10964
11460
11155
10758
11325
11074
10978
11206
11110
10954
11373
11063
10933
11372
11091
10946
11225
10931
11028
11351
11042
10837
11257
11358
10892
11184
11178
10824
11425
12238
9791
11328
11071
11059
11153
11028
11027
11400
11053
10842
11418
11093
10857
11315
11118
10892
11446
11065
10860
11301
11153
10879
12264
10046
11071
11287
11038
10890
11331
11097
10885
11275
11129
10947
11333
11066
10731
11352
11332
10868
11150
11105
11033
11350
11143
10965
11279
11055
10910
11225
11154
10906
11373
11062
10909
11322
11103
11034
11187
11046
10911
11379
11209
10928
11261
11083
10880
11252
11102
10844
11482
11182
10834
12684
9691
10961
18634
3526
11123
11425
11177
10848
11168
11103
10967
11238
11090
10946
11197
11126
11161
11237
11175
10885
11185
12486
9423
11369
11228
10896
11142
11291
10958
11244
11056
11041
11200
11153
11013
11291
11121
10951
11230
11333
10662
11190
11161
10890
11308
11197
10886
11207
11084
10949
11265
11144
11067
11230
11209
10886
11194
11062
11004
11051
11317
10958
11219
11231
10946
11192
11154
10947
11153
11219
10951
11280
11125
10907
11281
11078
10980
11211
11204
10999
11177
11171
10960
11253
11024
11033
11223
11319
10927
11239
11143
10905
11197
11018
11047
11184
11261
10974
11216
11147
10928
11252
11102
10957
11172
11175
11002
11233
11175
10876
11177
11216
11032
11167
11210
10853
11197
11197
10930
11256
11117
10897
11259
11208
10949
11245
11121
10913
11278
11021
10945
11215
11173
10977
11266
11182
10963
11233
11084
10951
11210
11167
11018
11284
10931
11094
11281
11091
11001
11241
11055
11075
11360
10812
10947
11437
11119
10906
11236
11078
11050
11036
11399
10943
11275
11062
10927
11319
11106
10999
11199
11129
10980
11228
11084
10917
11290
10942
11094
11358
11007
10875
11301
11189
10999
11180
11321
10941
11169
11107
11017
11178
11167
10964
11176
11262
10871
11350
11140
10809
11047
11170
10926
11350
19247
2920
11324
11183
10880
11251
11207
10874
11240
11091
11028
11279
11052
10917
11152
11078
10969
11255
11199
10783
11432
11015
10970
11397
11105
10968
11204
11041
11171
11254
11039
11058
11208
11058
10972
11225
11208
10869
11429
10986
10950
11268
11106
10903
11255
10974
11078
11311
11147
10969
11197
11123
10953
11152
11164
11177
11227
11124
10991
11170
11078
10940
11174
11182
10978
11329
11161
10871
11035
11061
10974
11296
11168
11202
11210
11050
10966
11278
11110
10984
11224
11103
11103
11097
13414
9144
10969
11000
11002
11283
11287
10643
11220
11148
11168
11211
11086
10926
11129
11325
10973
11259
11036
10911
11295
11103
10983
11047
11442
10907
11271
11002
10987
11157
11143
10910
11325
10905
11064
11321
11167
10915
11225
11098
10990
11146
11097
11077
11162
11288
10720
11447
11083
10977
11197
11102
11098
11313
11100
10837
11127
11140
10953
11228
11288
10966
11352
11094
10916
11270
11082
11000
11190
11013
11102
11247
11186
10971
11202
11065
10993
11201
11201
10836
11235
11048
10944
11409
11139
11016
11145
11077
11084
11228
11163
10975
11149
11141
10959
11233
11149
10957
11294
11129
10968
11196
11152
10892
11164
10940
11117
11330
11131
11005
11178
11142
10992
11193
10969
10916
11556
11123
18613
3521
11131
10926
11233
11064
10942
11349
11277
10940
11018
11064
11007
11250
11214
11062
11137
11138
11002
11288
11121
10825
11245
11185
11023
11283
11028
11055
11213
11130
10971
11239
11104
10926
11248
11114
10912
11379
11142
10862
11263
11131
10939
11316
11134
10960
11190
11236
10865
11236
10943
11173
11035
11318
10933
11341
11088
10894
11273
10981
11090
11269
11148
10988
11305
11040
10887
11335
11039
10955
11281
11151
10910
11139
11219
10904
11351
11026
11035
11424
11109
10853
11370
10986
11034
11035
11198
11003
11357
10943
11148
10987
11105
11204
11191
11028
11038
11385
10954
10956
11431
11115
10824
11292
11101
10882
11305
11245
10723
11421
11123
10987
11217
10890
11055
11346
11156
11032
11155
11133
10959
11038
11262
11001
11152
11333
10953
11422
10939
11018
11143
10992
10947
11248
11153
11056
11225
11110
11033
11173
11089
10989
11136
11112
10931
11463
11098
10998
11559
11775
10024
11113
11141
10850
11284
11219
10792
11367
11015
11008
39544
18696
2343
4172
2872
10546
10951
11248
10983
12198
10124
11150
11165
10928
11293
11028
10959
11181
11132
11087
11296
11104
10939
11312
11066
10950
11240
11394
10811
11189
11093
10949
11287
11035
10834
11440
11239
10907
11052
11319
10905
11282
18240
3543
11158
11452
10930
11293
11213
10829
11243
11192
10870
11246
11233
10920
11274
11107
10939
11237
11149
10774
11406
11247
10989
11201
11101
10891
11265
11109
10799
11293
11171
11019
11358
11064
10927
11061
11278
10948
11337
11105
10970
11276
11102
10920
11184
11221
10869
